 H  ca nrl nc  
 atom 5.69pTODAY       Improved Troullier - Martins potential
 1s(  1.00)  rc= 0.15                                                  
   1  0  863  0.247875217667E-02  0.125000000000E-01   1.00000000000     nl nls nr a b zion 
 Radial grid follows
  0.311788641354E-04  0.627499101025E-04  0.947180709413E-04  0.127088341742E-03
  0.159865780426E-03  0.193055508533E-03  0.226662712027E-03  0.260692642102E-03
  0.295150616003E-03  0.330042017859E-03  0.365372299523E-03  0.401146981422E-03
  0.437371653424E-03  0.474051975707E-03  0.511193679647E-03  0.548802568709E-03
  0.586884519361E-03  0.625445481983E-03  0.664491481805E-03  0.704028619843E-03
  0.744063073857E-03  0.784601099310E-03  0.825649030352E-03  0.867213280805E-03
  0.909300345168E-03  0.951916799631E-03  0.995069303102E-03  0.103876459825E-02
  0.108300951254E-02  0.112781095935E-02  0.117317593898E-02  0.121911153982E-02
  0.126562493938E-02  0.131272340548E-02  0.136041429736E-02  0.140870506681E-02
  0.145760325936E-02  0.150711651546E-02  0.155725257165E-02  0.160801926180E-02
  0.165942451829E-02  0.171147637332E-02  0.176418296008E-02  0.181755251409E-02
  0.187159337444E-02  0.192631398514E-02  0.198172289639E-02  0.203782876595E-02
  0.209464036046E-02  0.215216655687E-02  0.221041634375E-02  0.226939882275E-02
  0.232912321000E-02  0.238959883756E-02  0.245083515488E-02  0.251284173024E-02
  0.257562825231E-02  0.263920453161E-02  0.270358050205E-02  0.276876622252E-02
  0.283477187841E-02  0.290160778324E-02  0.296928438027E-02  0.303781224409E-02
  0.310720208233E-02  0.317746473729E-02  0.324861118764E-02  0.332065255018E-02
  0.339360008150E-02  0.346746517981E-02  0.354225938667E-02  0.361799438885E-02
  0.369468202008E-02  0.377233426296E-02  0.385096325082E-02  0.393058126959E-02
  0.401120075975E-02  0.409283431826E-02  0.417549470053E-02  0.425919482242E-02
  0.434394776223E-02  0.442976676279E-02  0.451666523349E-02  0.460465675239E-02
  0.469375506834E-02  0.478397410315E-02  0.487532795371E-02  0.496783089426E-02
  0.506149737856E-02  0.515634204219E-02  0.525237970483E-02  0.534962537256E-02
  0.544809424020E-02  0.554780169373E-02  0.564876331263E-02  0.575099487235E-02
  0.585451234680E-02  0.595933191079E-02  0.606546994257E-02  0.617294302645E-02
  0.628176795531E-02  0.639196173326E-02  0.650354157831E-02  0.661652492503E-02
  0.673092942730E-02  0.684677296106E-02  0.696407362710E-02  0.708284975388E-02
  0.720311990041E-02  0.732490285916E-02  0.744821765894E-02  0.757308356797E-02
  0.769952009678E-02  0.782754700133E-02  0.795718428611E-02  0.808845220719E-02
  0.822137127545E-02  0.835596225977E-02  0.849224619027E-02  0.863024436158E-02
  0.876997833620E-02  0.891146994785E-02  0.905474130488E-02  0.919981479373E-02
  0.934671308243E-02  0.949545912414E-02  0.964607616072E-02  0.979858772640E-02
  0.995301765142E-02  0.101093900658E-01  0.102677294030E-01  0.104280604038E-01
  0.105904081204E-01  0.107547979199E-01  0.109212554885E-01  0.110898068355E-01
  0.112604782975E-01  0.114332965423E-01  0.116082885729E-01  0.117854817323E-01
  0.119649037073E-01  0.121465825329E-01  0.123305465968E-01  0.125168246438E-01
  0.127054457802E-01  0.128964394784E-01  0.130898355815E-01  0.132856643082E-01
  0.134839562570E-01  0.136847424115E-01  0.138880541449E-01  0.140939232251E-01
  0.143023818195E-01  0.145134625003E-01  0.147271982492E-01  0.149436224628E-01
  0.151627689580E-01  0.153846719766E-01  0.156093661917E-01  0.158368867121E-01
  0.160672690883E-01  0.163005493180E-01  0.165367638518E-01  0.167759495987E-01
  0.170181439319E-01  0.172633846948E-01  0.175117102068E-01  0.177631592691E-01
  0.180177711713E-01  0.182755856970E-01  0.185366431302E-01  0.188009842617E-01
  0.190686503953E-01  0.193396833544E-01  0.196141254884E-01  0.198920196795E-01
  0.201734093492E-01  0.204583384653E-01  0.207468515484E-01  0.210389936793E-01
  0.213348105059E-01  0.216343482502E-01  0.219376537154E-01  0.222447742937E-01
  0.225557579733E-01  0.228706533461E-01  0.231895096150E-01  0.235123766021E-01
  0.238393047559E-01  0.241703451597E-01  0.245055495391E-01  0.248449702706E-01
  0.251886603893E-01  0.255366735976E-01  0.258890642730E-01  0.262458874776E-01
  0.266071989655E-01  0.269730551924E-01  0.273435133242E-01  0.277186312457E-01
  0.280984675697E-01  0.284830816465E-01  0.288725335729E-01  0.292668842014E-01
  0.296661951502E-01  0.300705288124E-01  0.304799483660E-01  0.308945177837E-01
  0.313143018426E-01  0.317393661350E-01  0.321697770780E-01  0.326056019242E-01
  0.330469087721E-01  0.334937665768E-01  0.339462451607E-01  0.344044152246E-01
  0.348683483584E-01  0.353381170527E-01  0.358137947097E-01  0.362954556551E-01
  0.367831751493E-01  0.372770293996E-01  0.377770955716E-01  0.382834518017E-01
  0.387961772091E-01  0.393153519083E-01  0.398410570212E-01  0.403733746904E-01
  0.409123880916E-01  0.414581814467E-01  0.420108400372E-01  0.425704502169E-01
  0.431370994261E-01  0.437108762050E-01  0.442918702073E-01  0.448801722145E-01
  0.454758741499E-01  0.460790690933E-01  0.466898512951E-01  0.473083161912E-01
  0.479345604180E-01  0.485686818275E-01  0.492107795024E-01  0.498609537718E-01
  0.505193062267E-01  0.511859397361E-01  0.518609584627E-01  0.525444678797E-01
  0.532365747868E-01  0.539373873271E-01  0.546470150040E-01  0.553655686982E-01
  0.560931606852E-01  0.568299046528E-01  0.575759157186E-01  0.583313104486E-01
  0.590962068745E-01  0.598707245130E-01  0.606549843841E-01  0.614491090300E-01
  0.622532225343E-01  0.630674505414E-01  0.638919202759E-01  0.647267605631E-01
  0.655721018483E-01  0.664280762180E-01  0.672948174198E-01  0.681724608838E-01
  0.690611437435E-01  0.699610048576E-01  0.708721848311E-01  0.717948260377E-01
  0.727290726420E-01  0.736750706219E-01  0.746329677917E-01  0.756029138245E-01
  0.765850602765E-01  0.775795606101E-01  0.785865702179E-01  0.796062464472E-01
  0.806387486246E-01  0.816842380806E-01  0.827428781751E-01  0.838148343227E-01
  0.849002740188E-01  0.859993668654E-01  0.871122845982E-01  0.882392011127E-01
  0.893802924921E-01  0.905357370340E-01  0.917057152791E-01  0.928904100389E-01
  0.940900064243E-01  0.953046918747E-01  0.965346561872E-01  0.977800915461E-01
  0.990411925534E-01  0.100318156259      0.101611182190      0.102920472385    
  0.104246231424      0.105588666458      0.106947987247      0.108324406186    
  0.109718138344      0.111129401494      0.112558416150      0.114005405597    
  0.115470595931      0.116954216090      0.118456497894      0.119977676076    
  0.121517988325      0.123077675317      0.124656980755      0.126256151411    
  0.127875437158      0.129515091011      0.131175369171      0.132856531060    
  0.134558839362      0.136282560066      0.138027962508      0.139795319410    
  0.141584906925      0.143397004680      0.145231895818      0.147089867046    
  0.148971208675      0.150876214668      0.152805182687      0.154758414137    
  0.156736214214      0.158738891953      0.160766760277      0.162820136045    
  0.164899340100      0.167004697323      0.169136536679      0.171295191274    
  0.173480998400      0.175694299596      0.177935440694      0.180204771876    
  0.182502647731      0.184829427305      0.187185474164      0.189571156444    
  0.191986846913      0.194432923028      0.196909766992      0.199417765818    
  0.201957311386      0.204528800504      0.207132634974      0.209769221650    
  0.212438972503      0.215142304689      0.217879640607      0.220651407972    
  0.223458039878      0.226299974869      0.229177657000      0.232091535917    
  0.235042066919      0.238029711032      0.241054935081      0.244118211765    
  0.247220019726      0.250360843628      0.253541174231      0.256761508469    
  0.260022349525      0.263324206912      0.266667596553      0.270053040857    
  0.273481068809      0.276952216045      0.280467024937      0.284026044684    
  0.287629831387      0.291278948147      0.294973965145      0.298715459736    
  0.302504016534      0.306340227511      0.310224692082      0.314158017202    
  0.318140817462      0.322173715182      0.326257340510      0.330392331521    
  0.334579334317      0.338819003124      0.343112000400      0.347458996934    
  0.351860671954      0.356317713229      0.360830817182      0.365400688995    
  0.370028042718      0.374713601386      0.379458097127      0.384262271278    
  0.389126874500      0.394052666898      0.399040418138      0.404090907564    
  0.409204924327      0.414383267502      0.419626746215      0.424936179772    
  0.430312397781      0.435756240288      0.441268557904      0.446850211941    
  0.452502074542      0.458225028822      0.464019969006      0.469887800564    
  0.475829440357      0.481845816779      0.487937869899      0.494106551615    
  0.500352825794      0.506677668431      0.513082067794      0.519567024584    
  0.526133552089      0.532782676342      0.539515436283      0.546332883917    
  0.553236084487      0.560226116630      0.567304072554      0.574471058204    
  0.581728193435      0.589076612190      0.596517462674      0.604051907536    
  0.611681124047      0.619406304288      0.627228655335      0.635149399445    
  0.643169774251      0.651291032953      0.659514444514      0.667841293859    
  0.676272882075      0.684810526614      0.693455561502      0.702209337542    
  0.711073222530      0.720048601465      0.729136876770      0.738339468505    
  0.747657814594      0.757093371048      0.766647612192      0.776322030895    
  0.786118138804      0.796037466583      0.806081564145      0.816252000901    
  0.826550366004      0.836978268593      0.847537338049      0.858229224248    
  0.869055597820      0.880018150408      0.891118594932      0.902358665859    
  0.913740119474      0.925264734152      0.936934310637      0.948750672324    
  0.960715665544      0.972831159852      0.985099048317      0.997521247823    
   1.01009969936       1.02283636835       1.03573324491       1.04879234420    
   1.06201570674       1.07540539871       1.08896351227       1.10269216590    
   1.11659350474       1.13066970089       1.14492295380       1.15935549055    
   1.17396956627       1.18876746444       1.20375149724       1.21892400598    
   1.23428736139       1.24984396402       1.26559624461       1.28154666451    
   1.29769771599       1.31405192269       1.33061183999       1.34738005540    
   1.36435918900       1.38155189380       1.39896085622       1.41658879642    
   1.43443846881       1.45251266244       1.47081420144       1.48934594546    
   1.50811079013       1.52711166749       1.54635154646       1.56583343331    
   1.58556037214       1.60553544531       1.62576177397       1.64624251852    
   1.66698087913       1.68798009620       1.70924345091       1.73077426569    
   1.75257590478       1.77465177474       1.79700532495       1.81964004821    
   1.84255948125       1.86576720526       1.88926684650       1.91306207684    
   1.93715661433       1.96155422379       1.98625871741       2.01127395529    
   2.03660384614       2.06225234779       2.08822346788       2.11452126444    
   2.14114984656       2.16811337501       2.19541606289       2.22306217632    
   2.25105603504       2.27940201315       2.30810453978       2.33716809975    
   2.36659723430       2.39639654179       2.42657067843       2.45712435898    
   2.48806235752       2.51938950818       2.55111070589       2.58323090714    
   2.61575513079       2.64868845881       2.68203603710       2.71580307628    
   2.74999485254       2.78461670839       2.81967405358       2.85517236589    
   2.89111719200       2.92751414836       2.96436892207       3.00168727177    
   3.03947502852       3.07773809674       3.11648245511       3.15571415751    
   3.19543933398       3.23566419166       3.27639501576       3.31763817056    
   3.35940010038       3.40168733061       3.44450646872       3.48786420529    
   3.53176731504       3.57622265792       3.62123718019       3.66681791544    
   3.71297198576       3.75970660282       3.80702906900       3.85494677852    
   3.90346721863       3.95259797074       4.00234671164       4.05272121467    
   4.10372935094       4.15537909058       4.20767850397       4.26063576299    
   4.31425914233       4.36855702075       4.42353788241       4.47921031816    
   4.53558302695       4.59266481713       4.65046460784       4.70899143041    
   4.76825442979       4.82826286593       4.88902611528       4.95055367222    
   5.01285515055       5.07594028500       5.13981893277       5.20450107500    
   5.26999681843       5.33631639690       5.40347017296       5.47146863955    
   5.54032242155       5.61004227752       5.68063910131       5.75212392383    
   5.82450791472       5.89780238414       5.97201878449       6.04716871224    
   6.12326390971       6.20031626693       6.27833782349       6.35734077043    
   6.43733745210       6.51834036815       6.60036217546       6.68341569010    
   6.76751388935       6.85266991372       6.93889706902       7.02620882841    
   7.11461883454       7.20414090164       7.29478901773       7.38657734675    
   7.47952023083       7.57363219246       7.66892793684       7.76542235413    
   7.86313052177       7.96206770686       8.06224936854       8.16369116039    
   8.26640893291       8.37041873595       8.47573682126       8.58237964500    
   8.69036387033       8.79970637001       8.91042422902       9.02253474726    
   9.13605544221       9.25100405173       9.36739853676       9.48525708418    
   9.60459810963       9.72544026038       9.84780241827       9.97170370264    
   10.0971634733       10.2242013336       10.3528371335       10.4830909726    
   10.6149832032       10.7485344339       10.8837655323       11.0206976285    
   11.1593521184       11.2997506671       11.4419152122       11.5858679670    
   11.7316314247       11.8792283609       12.0286818381       12.1800152085    
   12.3332521185       12.4884165114       12.6455326322       12.8046250305    
   12.9657185648       13.1288384063       13.2940100429       13.4612592828    
   13.6306122593       13.8020954339       13.9757356013       14.1515598932    
   14.3295957824       14.5098710874       14.6924139766       14.8772529727    
   15.0644169571       15.2539351747       15.4458372379       15.6401531320    
   15.8369132191       16.0361482435       16.2378893359       16.4421680189    
   16.6490162114       16.8584662339       17.0705508133       17.2853030884    
   17.5027566145       17.7229453693       17.9459037576       18.1716666173    
   18.4002692241       18.6317472977       18.8661370071       19.1034749761    
   19.3437982892       19.5871444974       19.8335516242       20.0830581710    
   20.3357031239       20.5915259590       20.8505666493       21.1128656704    
   21.3784640069       21.6474031593       21.9197251498       22.1954725293    
   22.4746883838       22.7574163414       23.0437005789       23.3335858288    
   23.6271173862       23.9243411162       24.2253034604       24.5300514449    
   24.8386326872       25.1510954036       25.4674884172       25.7878611650    
   26.1122637059       26.4407467284       26.7733615587       27.1101601685    
   27.4511951833       27.7965198905       28.1461882478       28.5002548916    
   28.8587751455       29.2218050291       29.5894012664       29.9616212952    
   30.3385232756       30.7201660993       31.1066093988       31.4979135566    
   31.8941397147       32.2953497844       32.7016064555       33.1129732065    
   33.5295143142       33.9512948641       34.3783807601       34.8108387354    
   35.2487363624       35.6921420635       36.1411251217       36.5957556915    
   37.0561048099       37.5222444074       37.9942473193       38.4721872969    
   38.9561390193       39.4461781050       39.9423811236       40.4448256079    
   40.9535900657       41.4687539927       41.9903978841       42.5186032479    
   43.0534526173       43.5950295635       44.1434187092       44.6987057411    
   45.2609774241       45.8303216142       46.4068272725       46.9905844794    
   47.5816844480       48.1802195389       48.7862832745       49.3999703534    
   50.0213766654       50.6505993067       51.2877365944       51.9328880827    
   52.5861545776       53.2476381536       53.9174421686       54.5956712810    
   55.2824314654       55.9778300295       56.6819756307       57.3949782933    
   58.1169494253       58.8480018362       59.5882497544       60.3378088452    
   61.0967962287       61.8653304982       62.6435317388       63.4315215459    
   64.2294230447       65.0373609088       65.8554613802       66.6838522887    
   67.5226630722       68.3720247964       69.2320701759       70.1029335945    
   70.9847511265       71.8776605575       72.7818014065       73.6973149474    
   74.6243442310       75.5630341076       76.5135312492       77.4759841731    
   78.4505432644       79.4373608001       80.4365909723       81.4483899128    
   82.4729157172       83.5103284699       84.5607902685       85.6244652500    
   86.7015196157       87.7921216576       88.8964417844       90.0146525483    
   91.1469286722       92.2934470765       93.4543869069       94.6299295627    
   95.8202587249       97.0255603848       98.2460228731       99.4818368898    
   100.733195533       102.000294331       103.283331269       104.582506825    
   105.898023998       107.230088340       108.578907989       109.944693700    
   111.327658881       112.728019622       114.145994733       115.581805775    
   117.035677097       118.507835869       119.998512118    
 Pseudopotential follows (l on next line)
  0
 -0.144089632617E-02 -0.289991689797E-02 -0.437728969141E-02 -0.587324555017E-02
 -0.738801822161E-02 -0.892184439336E-02 -0.104749637303E-01 -0.120476189118E-01
 -0.136400556700E-01 -0.152525228281E-01 -0.168852723388E-01 -0.185385593244E-01
 -0.202126421159E-01 -0.219077822940E-01 -0.236242447295E-01 -0.253622976251E-01
 -0.271222125567E-01 -0.289042645166E-01 -0.307087319555E-01 -0.325358968270E-01
 -0.343860446309E-01 -0.362594644579E-01 -0.381564490352E-01 -0.400772947715E-01
 -0.420223018039E-01 -0.439917740443E-01 -0.459860192272E-01 -0.480053489575E-01
 -0.500500787592E-01 -0.521205281246E-01 -0.542170205641E-01 -0.563398836569E-01
 -0.584894491018E-01 -0.606660527691E-01 -0.628700347530E-01 -0.651017394244E-01
 -0.673615154850E-01 -0.696497160211E-01 -0.719666985590E-01 -0.743128251206E-01
 -0.766884622796E-01 -0.790939812189E-01 -0.815297577881E-01 -0.839961725621E-01
 -0.864936109002E-01 -0.890224630060E-01 -0.915831239885E-01 -0.941759939225E-01
 -0.968014779119E-01 -0.994599861518E-01 -0.102151933992     -0.104877742003    
 -0.107637836038     -0.110432647303     -0.113262612419     -0.116128173493    
 -0.119029778187     -0.121967879783     -0.124942937256     -0.127955415344    
 -0.131005784621     -0.134094521566     -0.137222108639     -0.140389034357    
 -0.143595793364     -0.146842886509     -0.150130820924     -0.153460110100    
 -0.156831273966     -0.160244838968     -0.163701338149     -0.167201311229    
 -0.170745304690     -0.174333871853     -0.177967572967     -0.181646975292    
 -0.185372653182     -0.189145188173     -0.192965169068     -0.196833192029    
 -0.200749860660     -0.204715786099     -0.208731587110     -0.212797890172    
 -0.216915329568     -0.221084547484     -0.225306194096     -0.229580927667    
 -0.233909414643     -0.238292329743     -0.242730356062     -0.247224185162    
 -0.251774517171     -0.256382060883     -0.261047533851     -0.265771662492    
 -0.270555182179     -0.275398837348     -0.280303381592     -0.285269577762    
 -0.290298198070     -0.295390024186     -0.300545847339     -0.305766468418    
 -0.311052698071     -0.316405356806     -0.321825275089     -0.327313293443    
 -0.332870262547     -0.338497043332     -0.344194507081     -0.349963535519    
 -0.355805020912     -0.361719866159     -0.367708984881     -0.373773301514    
 -0.379913751393     -0.386131280840     -0.392426847246     -0.398801419150    
 -0.405255976317     -0.411791509811     -0.418409022067     -0.425109526953    
 -0.431894049834     -0.438763627629     -0.445719308858     -0.452762153696    
 -0.459893234002     -0.467113633361     -0.474424447102     -0.481826782320    
 -0.489321757885     -0.496910504437     -0.504594164382     -0.512373891865    
 -0.520250852745     -0.528226224542     -0.536301196386     -0.544476968941    
 -0.552754754316     -0.561135775966     -0.569621268568     -0.578212477877    
 -0.586910660571     -0.595717084066     -0.604633026311     -0.613659775558    
 -0.622798630104     -0.632050898011     -0.641417896786     -0.650900953038    
 -0.660501402096     -0.670220587589     -0.680059860996     -0.690020581140    
 -0.700104113654     -0.710311830385     -0.720645108762     -0.731105331097    
 -0.741693883843     -0.752412156782     -0.763261542151     -0.774243433704    
 -0.785359225701     -0.796610311816     -0.807998083969     -0.819523931067    
 -0.831189237664     -0.842995382508     -0.854943737003     -0.867035663548    
 -0.879272513771     -0.891655626637     -0.904186326429     -0.916865920590    
 -0.929695697428     -0.942676923662     -0.955810841810     -0.969098667410    
 -0.982541586063     -0.996140750282      -1.00989727615      -1.02381223975    
  -1.03788667342      -1.05212156172      -1.06651783720      -1.08107637585    
  -1.09579799241      -1.11068343520      -1.12573338087      -1.14094842864    
  -1.15632909439      -1.17187580427      -1.18758888800      -1.20346857188    
  -1.21951497123      -1.23572808261      -1.25210777547      -1.26865378348    
  -1.28536569528      -1.30224294484      -1.31928480127      -1.33649035817    
  -1.35385852237      -1.37138800217      -1.38907729501      -1.40692467452    
  -1.42492817698      -1.44308558717      -1.46139442353      -1.47985192275    
  -1.49845502363      -1.51720035022      -1.53608419442      -1.55510249768    
  -1.57425083216      -1.59352438110      -1.61291791848      -1.63242578799    
  -1.65204188134      -1.67175961575      -1.69157191095      -1.71147116535    
  -1.73144923176      -1.75149739234      -1.77160633318      -1.79176611825    
  -1.81196616304      -1.83219520772      -1.85244129010      -1.87269171841    
  -1.89293304397      -1.91315103392      -1.93333064417      -1.95345599265    
  -1.97351033313      -1.99347602974      -2.01333453239      -2.03306635345    
  -2.05265104580      -2.07206718267      -2.09129233949      -2.11030307820    
  -2.12907493432      -2.14758240729      -2.16579895437      -2.18369698881    
  -2.20124788265      -2.21842197479      -2.23518858489      -2.25151603387    
  -2.26737167152      -2.28272191215      -2.29753227893      -2.31176745782    
  -2.32539136192      -2.33836720720      -2.35065760043      -2.36222464050    
  -2.37303003397      -2.38303522596      -2.39220154739      -2.40049037974    
  -2.40786333829      -2.41428247487      -2.41971050128      -2.42410713094    
  -2.42744473007      -2.42968586807      -2.43079857443      -2.43075299553    
  -2.42952175883      -2.42708036206      -2.42340758734      -2.41848593989    
  -2.41230211029      -2.40484745938      -2.39611852361      -2.38611753898    
  -2.37485298012      -2.36234011110      -2.34860154309      -2.33366779356    
  -2.31757784003      -2.30037966096      -2.28213075420      -2.26289862279    
  -2.24276121576      -2.22180731008      -2.20013681837      -2.17786100452    
  -2.15510258792      -2.13199571460      -2.10868577164      -2.08532901902    
  -2.06209201136      -2.03915077988      -2.01668974355      -1.99490031744    
  -1.97397918545      -1.95412620517      -1.93554191392      -1.91842460770    
  -1.90296696952      -1.88935223033      -1.87774985561      -1.86831076389    
  -1.86116210152      -1.85640162104      -1.85409174069      -1.85425340082    
  -1.85685988096      -1.86183080174      -1.86902661015      -1.87824393909    
  -1.88921234467      -1.90159306270      -1.91498059302      -1.92890812322    
  -1.94285804785      -1.95627913343      -1.96861223324      -1.97932687876    
  -1.98797158071      -1.99424127591      -1.99806607539      -1.99972885490    
  -1.99999999963      -1.99999999969      -1.99999999968      -1.99999999968    
  -1.99999999968      -1.99999999968      -1.99999999968      -1.99999999968    
  -1.99999999968      -1.99999999968      -1.99999999968      -1.99999999968    
  -1.99999999967      -1.99999999967      -1.99999999967      -1.99999999967    
  -1.99999999967      -1.99999999967      -1.99999999967      -1.99999999967    
  -1.99999999967      -1.99999999967      -1.99999999967      -1.99999999967    
  -1.99999999967      -1.99999999967      -1.99999999967      -1.99999999967    
  -1.99999999967      -1.99999999967      -1.99999999967      -1.99999999967    
  -1.99999999967      -1.99999999966      -1.99999999966      -1.99999999966    
  -1.99999999966      -1.99999999966      -1.99999999966      -1.99999999966    
  -1.99999999967      -1.99999999967      -1.99999999967      -1.99999999967    
  -1.99999999967      -1.99999999967      -1.99999999967      -1.99999999967    
  -1.99999999967      -1.99999999967      -1.99999999967      -1.99999999967    
  -1.99999999967      -1.99999999967      -1.99999999967      -1.99999999967    
  -1.99999999967      -1.99999999967      -1.99999999968      -1.99999999968    
  -1.99999999968      -1.99999999968      -1.99999999968      -1.99999999968    
  -1.99999999968      -1.99999999968      -1.99999999969      -1.99999999969    
  -1.99999999969      -1.99999999969      -1.99999999969      -1.99999999969    
  -1.99999999970      -1.99999999970      -1.99999999970      -1.99999999970    
  -1.99999999970      -1.99999999971      -1.99999999971      -1.99999999971    
  -1.99999999971      -1.99999999972      -1.99999999972      -1.99999999972    
  -1.99999999972      -1.99999999973      -1.99999999973      -1.99999999973    
  -1.99999999974      -1.99999999974      -1.99999999974      -1.99999999975    
  -1.99999999975      -1.99999999975      -1.99999999976      -1.99999999976    
  -1.99999999976      -1.99999999977      -1.99999999977      -1.99999999977    
  -1.99999999978      -1.99999999978      -1.99999999978      -1.99999999979    
  -1.99999999979      -1.99999999980      -1.99999999980      -1.99999999980    
  -1.99999999981      -1.99999999981      -1.99999999982      -1.99999999982    
  -1.99999999982      -1.99999999983      -1.99999999983      -1.99999999984    
  -1.99999999984      -1.99999999984      -1.99999999985      -1.99999999985    
  -1.99999999986      -1.99999999986      -1.99999999987      -1.99999999987    
  -1.99999999987      -1.99999999988      -1.99999999988      -1.99999999989    
  -1.99999999989      -1.99999999989      -1.99999999990      -1.99999999990    
  -1.99999999991      -1.99999999991      -1.99999999991      -1.99999999992    
  -1.99999999992      -1.99999999992      -1.99999999993      -1.99999999993    
  -1.99999999993      -1.99999999994      -1.99999999994      -1.99999999994    
  -1.99999999995      -1.99999999995      -1.99999999995      -1.99999999995    
  -1.99999999996      -1.99999999996      -1.99999999996      -1.99999999996    
  -1.99999999997      -1.99999999997      -1.99999999997      -1.99999999997    
  -1.99999999997      -1.99999999998      -1.99999999998      -1.99999999998    
  -1.99999999998      -1.99999999998      -1.99999999998      -1.99999999999    
  -1.99999999999      -1.99999999999      -1.99999999999      -1.99999999999    
  -1.99999999999      -1.99999999999      -1.99999999999      -1.99999999999    
  -1.99999999999      -1.99999999999      -2.00000000000      -2.00000000000    
  -2.00000000000      -2.00000000000      -2.00000000000      -2.00000000000    
  -2.00000000000      -2.00000000000      -2.00000000000      -2.00000000000    
  -2.00000000000      -2.00000000000      -2.00000000000      -2.00000000000    
  -2.00000000000      -2.00000000000      -2.00000000000      -2.00000000000    
  -2.00000000000      -2.00000000000      -2.00000000000      -2.00000000000    
  -2.00000000000      -2.00000000000      -2.00000000000      -2.00000000000    
  -2.00000000000      -2.00000000000      -2.00000000000      -2.00000000000    
  -2.00000000000      -2.00000000000      -2.00000000000      -2.00000000000    
  -2.00000000000      -2.00000000000      -2.00000000000      -2.00000000000    
  -2.00000000000      -2.00000000000      -2.00000000000      -2.00000000000    
  -2.00000000000      -2.00000000000      -2.00000000000      -2.00000000000    
  -2.00000000000      -2.00000000000      -2.00000000000      -2.00000000000    
  -2.00000000000      -2.00000000000      -2.00000000000      -2.00000000000    
  -2.00000000000      -2.00000000000      -2.00000000000      -2.00000000000    
  -2.00000000000      -2.00000000000      -2.00000000000      -2.00000000000    
  -2.00000000000      -2.00000000000      -2.00000000000      -2.00000000000    
  -2.00000000000      -2.00000000000      -2.00000000000      -2.00000000000    
  -2.00000000000      -2.00000000000      -2.00000000000      -2.00000000000    
  -2.00000000000      -2.00000000000      -2.00000000000      -2.00000000000    
  -2.00000000000      -2.00000000000      -2.00000000000      -2.00000000000    
  -2.00000000000      -2.00000000000      -2.00000000000      -2.00000000000    
  -2.00000000000      -2.00000000000      -2.00000000000      -2.00000000000    
  -2.00000000000      -2.00000000000      -2.00000000000      -2.00000000000    
  -2.00000000000      -2.00000000000      -2.00000000000      -2.00000000000    
  -2.00000000000      -2.00000000000      -2.00000000000      -2.00000000000    
  -2.00000000000      -2.00000000000      -2.00000000000      -2.00000000000    
  -2.00000000000      -2.00000000000      -2.00000000000      -2.00000000000    
  -2.00000000000      -2.00000000000      -2.00000000000      -2.00000000000    
  -2.00000000000      -2.00000000000      -2.00000000000      -2.00000000000    
  -2.00000000000      -2.00000000000      -2.00000000000      -2.00000000000    
  -2.00000000000      -2.00000000000      -2.00000000000      -2.00000000000    
  -2.00000000000      -2.00000000000      -2.00000000000      -2.00000000000    
  -2.00000000000      -2.00000000000      -2.00000000000      -2.00000000000    
  -2.00000000000      -2.00000000000      -2.00000000000      -2.00000000000    
  -2.00000000000      -2.00000000000      -2.00000000000      -2.00000000000    
  -2.00000000000      -2.00000000000      -2.00000000000      -2.00000000000    
  -2.00000000000      -2.00000000000      -2.00000000000      -2.00000000000    
  -2.00000000000      -2.00000000000      -2.00000000000      -2.00000000000    
  -2.00000000000      -2.00000000000      -2.00000000000      -2.00000000000    
  -2.00000000000      -2.00000000000      -2.00000000000      -2.00000000000    
  -2.00000000000      -2.00000000000      -2.00000000000      -2.00000000000    
  -2.00000000000      -2.00000000000      -2.00000000000      -2.00000000000    
  -2.00000000000      -2.00000000000      -2.00000000000      -2.00000000000    
  -2.00000000000      -2.00000000000      -2.00000000000      -2.00000000000    
  -2.00000000000      -2.00000000000      -2.00000000000      -2.00000000000    
  -2.00000000000      -2.00000000000      -2.00000000000      -2.00000000000    
  -2.00000000000      -2.00000000000      -2.00000000000      -2.00000000000    
  -2.00000000000      -2.00000000000      -2.00000000000      -2.00000000000    
  -2.00000000000      -2.00000000000      -2.00000000000      -2.00000000000    
  -2.00000000000      -2.00000000000      -2.00000000000      -2.00000000000    
  -2.00000000000      -2.00000000000      -2.00000000000      -2.00000000000    
  -2.00000000000      -2.00000000000      -2.00000000000      -2.00000000000    
  -2.00000000000      -2.00000000000      -2.00000000000      -2.00000000000    
  -2.00000000000      -2.00000000000      -2.00000000000      -2.00000000000    
  -2.00000000000      -2.00000000000      -2.00000000000      -2.00000000000    
  -2.00000000000      -2.00000000000      -2.00000000000      -2.00000000000    
  -2.00000000000      -2.00000000000      -2.00000000000      -2.00000000000    
  -2.00000000000      -2.00000000000      -2.00000000000      -2.00000000000    
  -2.00000000000      -2.00000000000      -2.00000000000      -2.00000000000    
  -2.00000000000      -2.00000000000      -2.00000000000      -2.00000000000    
  -2.00000000000      -2.00000000000      -2.00000000000      -2.00000000000    
  -2.00000000000      -2.00000000000      -2.00000000000      -2.00000000000    
  -2.00000000000      -2.00000000000      -2.00000000000      -2.00000000000    
  -2.00000000000      -2.00000000000      -2.00000000000      -2.00000000000    
  -2.00000000000      -2.00000000000      -2.00000000000      -2.00000000000    
  -2.00000000000      -2.00000000000      -2.00000000000      -2.00000000000    
  -2.00000000000      -2.00000000000      -2.00000000000      -2.00000000000    
  -2.00000000000      -2.00000000000      -2.00000000000      -2.00000000000    
  -2.00000000000      -2.00000000000      -2.00000000000      -2.00000000000    
  -2.00000000000      -2.00000000000      -2.00000000000      -2.00000000000    
  -2.00000000000      -2.00000000000      -2.00000000000      -2.00000000000    
  -2.00000000000      -2.00000000000      -2.00000000000      -2.00000000000    
  -2.00000000000      -2.00000000000      -2.00000000000      -2.00000000000    
  -2.00000000000      -2.00000000000      -2.00000000000      -2.00000000000    
  -2.00000000000      -2.00000000000      -2.00000000000      -2.00000000000    
  -2.00000000000      -2.00000000000      -2.00000000000      -2.00000000000    
  -2.00000000000      -2.00000000000      -2.00000000000      -2.00000000000    
  -2.00000000000      -2.00000000000      -2.00000000000      -2.00000000000    
  -2.00000000000      -2.00000000000      -2.00000000000      -2.00000000000    
  -2.00000000000      -2.00000000000      -2.00000000000      -2.00000000000    
  -2.00000000000      -2.00000000000      -2.00000000000      -2.00000000000    
  -2.00000000000      -2.00000000000      -2.00000000000      -2.00000000000    
  -2.00000000000      -2.00000000000      -2.00000000000      -2.00000000000    
  -2.00000000000      -2.00000000000      -2.00000000000      -2.00000000000    
  -2.00000000000      -2.00000000000      -2.00000000000      -2.00000000000    
  -2.00000000000      -2.00000000000      -2.00000000000      -2.00000000000    
  -2.00000000000      -2.00000000000      -2.00000000000      -2.00000000000    
  -2.00000000000      -2.00000000000      -2.00000000000      -2.00000000000    
  -2.00000000000      -2.00000000000      -2.00000000000      -2.00000000000    
  -2.00000000000      -2.00000000000      -2.00000000000    
 Core charge follows
   0.00000000000       0.00000000000       0.00000000000       0.00000000000    
   0.00000000000       0.00000000000       0.00000000000       0.00000000000    
   0.00000000000       0.00000000000       0.00000000000       0.00000000000    
   0.00000000000       0.00000000000       0.00000000000       0.00000000000    
   0.00000000000       0.00000000000       0.00000000000       0.00000000000    
   0.00000000000       0.00000000000       0.00000000000       0.00000000000    
   0.00000000000       0.00000000000       0.00000000000       0.00000000000    
   0.00000000000       0.00000000000       0.00000000000       0.00000000000    
   0.00000000000       0.00000000000       0.00000000000       0.00000000000    
   0.00000000000       0.00000000000       0.00000000000       0.00000000000    
   0.00000000000       0.00000000000       0.00000000000       0.00000000000    
   0.00000000000       0.00000000000       0.00000000000       0.00000000000    
   0.00000000000       0.00000000000       0.00000000000       0.00000000000    
   0.00000000000       0.00000000000       0.00000000000       0.00000000000    
   0.00000000000       0.00000000000       0.00000000000       0.00000000000    
   0.00000000000       0.00000000000       0.00000000000       0.00000000000    
   0.00000000000       0.00000000000       0.00000000000       0.00000000000    
   0.00000000000       0.00000000000       0.00000000000       0.00000000000    
   0.00000000000       0.00000000000       0.00000000000       0.00000000000    
   0.00000000000       0.00000000000       0.00000000000       0.00000000000    
   0.00000000000       0.00000000000       0.00000000000       0.00000000000    
   0.00000000000       0.00000000000       0.00000000000       0.00000000000    
   0.00000000000       0.00000000000       0.00000000000       0.00000000000    
   0.00000000000       0.00000000000       0.00000000000       0.00000000000    
   0.00000000000       0.00000000000       0.00000000000       0.00000000000    
   0.00000000000       0.00000000000       0.00000000000       0.00000000000    
   0.00000000000       0.00000000000       0.00000000000       0.00000000000    
   0.00000000000       0.00000000000       0.00000000000       0.00000000000    
   0.00000000000       0.00000000000       0.00000000000       0.00000000000    
   0.00000000000       0.00000000000       0.00000000000       0.00000000000    
   0.00000000000       0.00000000000       0.00000000000       0.00000000000    
   0.00000000000       0.00000000000       0.00000000000       0.00000000000    
   0.00000000000       0.00000000000       0.00000000000       0.00000000000    
   0.00000000000       0.00000000000       0.00000000000       0.00000000000    
   0.00000000000       0.00000000000       0.00000000000       0.00000000000    
   0.00000000000       0.00000000000       0.00000000000       0.00000000000    
   0.00000000000       0.00000000000       0.00000000000       0.00000000000    
   0.00000000000       0.00000000000       0.00000000000       0.00000000000    
   0.00000000000       0.00000000000       0.00000000000       0.00000000000    
   0.00000000000       0.00000000000       0.00000000000       0.00000000000    
   0.00000000000       0.00000000000       0.00000000000       0.00000000000    
   0.00000000000       0.00000000000       0.00000000000       0.00000000000    
   0.00000000000       0.00000000000       0.00000000000       0.00000000000    
   0.00000000000       0.00000000000       0.00000000000       0.00000000000    
   0.00000000000       0.00000000000       0.00000000000       0.00000000000    
   0.00000000000       0.00000000000       0.00000000000       0.00000000000    
   0.00000000000       0.00000000000       0.00000000000       0.00000000000    
   0.00000000000       0.00000000000       0.00000000000       0.00000000000    
   0.00000000000       0.00000000000       0.00000000000       0.00000000000    
   0.00000000000       0.00000000000       0.00000000000       0.00000000000    
   0.00000000000       0.00000000000       0.00000000000       0.00000000000    
   0.00000000000       0.00000000000       0.00000000000       0.00000000000    
   0.00000000000       0.00000000000       0.00000000000       0.00000000000    
   0.00000000000       0.00000000000       0.00000000000       0.00000000000    
   0.00000000000       0.00000000000       0.00000000000       0.00000000000    
   0.00000000000       0.00000000000       0.00000000000       0.00000000000    
   0.00000000000       0.00000000000       0.00000000000       0.00000000000    
   0.00000000000       0.00000000000       0.00000000000       0.00000000000    
   0.00000000000       0.00000000000       0.00000000000       0.00000000000    
   0.00000000000       0.00000000000       0.00000000000       0.00000000000    
   0.00000000000       0.00000000000       0.00000000000       0.00000000000    
   0.00000000000       0.00000000000       0.00000000000       0.00000000000    
   0.00000000000       0.00000000000       0.00000000000       0.00000000000    
   0.00000000000       0.00000000000       0.00000000000       0.00000000000    
   0.00000000000       0.00000000000       0.00000000000       0.00000000000    
   0.00000000000       0.00000000000       0.00000000000       0.00000000000    
   0.00000000000       0.00000000000       0.00000000000       0.00000000000    
   0.00000000000       0.00000000000       0.00000000000       0.00000000000    
   0.00000000000       0.00000000000       0.00000000000       0.00000000000    
   0.00000000000       0.00000000000       0.00000000000       0.00000000000    
   0.00000000000       0.00000000000       0.00000000000       0.00000000000    
   0.00000000000       0.00000000000       0.00000000000       0.00000000000    
   0.00000000000       0.00000000000       0.00000000000       0.00000000000    
   0.00000000000       0.00000000000       0.00000000000       0.00000000000    
   0.00000000000       0.00000000000       0.00000000000       0.00000000000    
   0.00000000000       0.00000000000       0.00000000000       0.00000000000    
   0.00000000000       0.00000000000       0.00000000000       0.00000000000    
   0.00000000000       0.00000000000       0.00000000000       0.00000000000    
   0.00000000000       0.00000000000       0.00000000000       0.00000000000    
   0.00000000000       0.00000000000       0.00000000000       0.00000000000    
   0.00000000000       0.00000000000       0.00000000000       0.00000000000    
   0.00000000000       0.00000000000       0.00000000000       0.00000000000    
   0.00000000000       0.00000000000       0.00000000000       0.00000000000    
   0.00000000000       0.00000000000       0.00000000000       0.00000000000    
   0.00000000000       0.00000000000       0.00000000000       0.00000000000    
   0.00000000000       0.00000000000       0.00000000000       0.00000000000    
   0.00000000000       0.00000000000       0.00000000000       0.00000000000    
   0.00000000000       0.00000000000       0.00000000000       0.00000000000    
   0.00000000000       0.00000000000       0.00000000000       0.00000000000    
   0.00000000000       0.00000000000       0.00000000000       0.00000000000    
   0.00000000000       0.00000000000       0.00000000000       0.00000000000    
   0.00000000000       0.00000000000       0.00000000000       0.00000000000    
   0.00000000000       0.00000000000       0.00000000000       0.00000000000    
   0.00000000000       0.00000000000       0.00000000000       0.00000000000    
   0.00000000000       0.00000000000       0.00000000000       0.00000000000    
   0.00000000000       0.00000000000       0.00000000000       0.00000000000    
   0.00000000000       0.00000000000       0.00000000000       0.00000000000    
   0.00000000000       0.00000000000       0.00000000000       0.00000000000    
   0.00000000000       0.00000000000       0.00000000000       0.00000000000    
   0.00000000000       0.00000000000       0.00000000000       0.00000000000    
   0.00000000000       0.00000000000       0.00000000000       0.00000000000    
   0.00000000000       0.00000000000       0.00000000000       0.00000000000    
   0.00000000000       0.00000000000       0.00000000000       0.00000000000    
   0.00000000000       0.00000000000       0.00000000000       0.00000000000    
   0.00000000000       0.00000000000       0.00000000000       0.00000000000    
   0.00000000000       0.00000000000       0.00000000000       0.00000000000    
   0.00000000000       0.00000000000       0.00000000000       0.00000000000    
   0.00000000000       0.00000000000       0.00000000000       0.00000000000    
   0.00000000000       0.00000000000       0.00000000000       0.00000000000    
   0.00000000000       0.00000000000       0.00000000000       0.00000000000    
   0.00000000000       0.00000000000       0.00000000000       0.00000000000    
   0.00000000000       0.00000000000       0.00000000000       0.00000000000    
   0.00000000000       0.00000000000       0.00000000000       0.00000000000    
   0.00000000000       0.00000000000       0.00000000000       0.00000000000    
   0.00000000000       0.00000000000       0.00000000000       0.00000000000    
   0.00000000000       0.00000000000       0.00000000000       0.00000000000    
   0.00000000000       0.00000000000       0.00000000000       0.00000000000    
   0.00000000000       0.00000000000       0.00000000000       0.00000000000    
   0.00000000000       0.00000000000       0.00000000000       0.00000000000    
   0.00000000000       0.00000000000       0.00000000000       0.00000000000    
   0.00000000000       0.00000000000       0.00000000000       0.00000000000    
   0.00000000000       0.00000000000       0.00000000000       0.00000000000    
   0.00000000000       0.00000000000       0.00000000000       0.00000000000    
   0.00000000000       0.00000000000       0.00000000000       0.00000000000    
   0.00000000000       0.00000000000       0.00000000000       0.00000000000    
   0.00000000000       0.00000000000       0.00000000000       0.00000000000    
   0.00000000000       0.00000000000       0.00000000000       0.00000000000    
   0.00000000000       0.00000000000       0.00000000000       0.00000000000    
   0.00000000000       0.00000000000       0.00000000000       0.00000000000    
   0.00000000000       0.00000000000       0.00000000000       0.00000000000    
   0.00000000000       0.00000000000       0.00000000000       0.00000000000    
   0.00000000000       0.00000000000       0.00000000000       0.00000000000    
   0.00000000000       0.00000000000       0.00000000000       0.00000000000    
   0.00000000000       0.00000000000       0.00000000000       0.00000000000    
   0.00000000000       0.00000000000       0.00000000000       0.00000000000    
   0.00000000000       0.00000000000       0.00000000000       0.00000000000    
   0.00000000000       0.00000000000       0.00000000000       0.00000000000    
   0.00000000000       0.00000000000       0.00000000000       0.00000000000    
   0.00000000000       0.00000000000       0.00000000000       0.00000000000    
   0.00000000000       0.00000000000       0.00000000000       0.00000000000    
   0.00000000000       0.00000000000       0.00000000000       0.00000000000    
   0.00000000000       0.00000000000       0.00000000000       0.00000000000    
   0.00000000000       0.00000000000       0.00000000000       0.00000000000    
   0.00000000000       0.00000000000       0.00000000000       0.00000000000    
   0.00000000000       0.00000000000       0.00000000000       0.00000000000    
   0.00000000000       0.00000000000       0.00000000000       0.00000000000    
   0.00000000000       0.00000000000       0.00000000000       0.00000000000    
   0.00000000000       0.00000000000       0.00000000000       0.00000000000    
   0.00000000000       0.00000000000       0.00000000000       0.00000000000    
   0.00000000000       0.00000000000       0.00000000000       0.00000000000    
   0.00000000000       0.00000000000       0.00000000000       0.00000000000    
   0.00000000000       0.00000000000       0.00000000000       0.00000000000    
   0.00000000000       0.00000000000       0.00000000000       0.00000000000    
   0.00000000000       0.00000000000       0.00000000000       0.00000000000    
   0.00000000000       0.00000000000       0.00000000000       0.00000000000    
   0.00000000000       0.00000000000       0.00000000000       0.00000000000    
   0.00000000000       0.00000000000       0.00000000000       0.00000000000    
   0.00000000000       0.00000000000       0.00000000000       0.00000000000    
   0.00000000000       0.00000000000       0.00000000000       0.00000000000    
   0.00000000000       0.00000000000       0.00000000000       0.00000000000    
   0.00000000000       0.00000000000       0.00000000000       0.00000000000    
   0.00000000000       0.00000000000       0.00000000000       0.00000000000    
   0.00000000000       0.00000000000       0.00000000000       0.00000000000    
   0.00000000000       0.00000000000       0.00000000000       0.00000000000    
   0.00000000000       0.00000000000       0.00000000000       0.00000000000    
   0.00000000000       0.00000000000       0.00000000000       0.00000000000    
   0.00000000000       0.00000000000       0.00000000000       0.00000000000    
   0.00000000000       0.00000000000       0.00000000000       0.00000000000    
   0.00000000000       0.00000000000       0.00000000000       0.00000000000    
   0.00000000000       0.00000000000       0.00000000000       0.00000000000    
   0.00000000000       0.00000000000       0.00000000000       0.00000000000    
   0.00000000000       0.00000000000       0.00000000000       0.00000000000    
   0.00000000000       0.00000000000       0.00000000000       0.00000000000    
   0.00000000000       0.00000000000       0.00000000000       0.00000000000    
   0.00000000000       0.00000000000       0.00000000000       0.00000000000    
   0.00000000000       0.00000000000       0.00000000000       0.00000000000    
   0.00000000000       0.00000000000       0.00000000000       0.00000000000    
   0.00000000000       0.00000000000       0.00000000000       0.00000000000    
   0.00000000000       0.00000000000       0.00000000000       0.00000000000    
   0.00000000000       0.00000000000       0.00000000000       0.00000000000    
   0.00000000000       0.00000000000       0.00000000000       0.00000000000    
   0.00000000000       0.00000000000       0.00000000000       0.00000000000    
   0.00000000000       0.00000000000       0.00000000000       0.00000000000    
   0.00000000000       0.00000000000       0.00000000000       0.00000000000    
   0.00000000000       0.00000000000       0.00000000000       0.00000000000    
   0.00000000000       0.00000000000       0.00000000000       0.00000000000    
   0.00000000000       0.00000000000       0.00000000000       0.00000000000    
   0.00000000000       0.00000000000       0.00000000000       0.00000000000    
   0.00000000000       0.00000000000       0.00000000000       0.00000000000    
   0.00000000000       0.00000000000       0.00000000000       0.00000000000    
   0.00000000000       0.00000000000       0.00000000000       0.00000000000    
   0.00000000000       0.00000000000       0.00000000000       0.00000000000    
   0.00000000000       0.00000000000       0.00000000000       0.00000000000    
   0.00000000000       0.00000000000       0.00000000000       0.00000000000    
   0.00000000000       0.00000000000       0.00000000000       0.00000000000    
   0.00000000000       0.00000000000       0.00000000000       0.00000000000    
   0.00000000000       0.00000000000       0.00000000000       0.00000000000    
   0.00000000000       0.00000000000       0.00000000000       0.00000000000    
   0.00000000000       0.00000000000       0.00000000000       0.00000000000    
   0.00000000000       0.00000000000       0.00000000000       0.00000000000    
   0.00000000000       0.00000000000       0.00000000000       0.00000000000    
   0.00000000000       0.00000000000       0.00000000000       0.00000000000    
   0.00000000000       0.00000000000       0.00000000000       0.00000000000    
   0.00000000000       0.00000000000       0.00000000000       0.00000000000    
   0.00000000000       0.00000000000       0.00000000000       0.00000000000    
   0.00000000000       0.00000000000       0.00000000000       0.00000000000    
   0.00000000000       0.00000000000       0.00000000000       0.00000000000    
   0.00000000000       0.00000000000       0.00000000000       0.00000000000    
   0.00000000000       0.00000000000       0.00000000000       0.00000000000    
   0.00000000000       0.00000000000       0.00000000000       0.00000000000    
   0.00000000000       0.00000000000       0.00000000000       0.00000000000    
   0.00000000000       0.00000000000       0.00000000000       0.00000000000    
   0.00000000000       0.00000000000       0.00000000000       0.00000000000    
   0.00000000000       0.00000000000       0.00000000000       0.00000000000    
   0.00000000000       0.00000000000       0.00000000000       0.00000000000    
   0.00000000000       0.00000000000       0.00000000000    
 Valence charge follows
  0.311708662783E-08  0.126256716160E-07  0.287669573529E-07  0.517892497382E-07
  0.819481504431E-07  0.119506754185E-06  0.164735851151E-06  0.217914134688E-06
  0.279328414418E-06  0.349273834889E-06  0.428054099925E-06  0.515981702808E-06
  0.613378162452E-06  0.720574265710E-06  0.837910315976E-06  0.965736388248E-06
  0.110441259081E-05  0.125430933369E-05  0.141580760411E-05  0.158929924905E-05
  0.177518726514E-05  0.197388609607E-05  0.218582193769E-05  0.241143305098E-05
  0.265117008321E-05  0.290549639725E-05  0.317488840956E-05  0.345983593678E-05
  0.376084255130E-05  0.407842594609E-05  0.441311830884E-05  0.476546670576E-05
  0.513603347538E-05  0.552539663233E-05  0.593415028166E-05  0.636290504378E-05
  0.681228849028E-05  0.728294559109E-05  0.777553917297E-05  0.829075038994E-05
  0.882927920571E-05  0.939184488850E-05  0.997918651860E-05  0.105920635089E-04
  0.112312561389E-04  0.118975661021E-04  0.125918170678E-04  0.133148552572E-04
  0.140675500339E-04  0.148507945099E-04  0.156655061671E-04  0.165126274943E-04
  0.173931266411E-04  0.183079980878E-04  0.192582633329E-04  0.202449715979E-04
  0.212692005504E-04  0.223320570453E-04  0.234346778849E-04  0.245782305984E-04
  0.257639142417E-04  0.269929602165E-04  0.282666331116E-04  0.295862315645E-04
  0.309530891450E-04  0.323685752622E-04  0.338340960933E-04  0.353510955365E-04
  0.369210561882E-04  0.385455003449E-04  0.402259910301E-04  0.419641330478E-04
  0.437615740619E-04  0.456200057039E-04  0.475411647073E-04  0.495268340721E-04
  0.515788442573E-04  0.536990744045E-04  0.558894535918E-04  0.581519621196E-04
  0.604886328285E-04  0.629015524502E-04  0.653928629934E-04  0.679647631629E-04
  0.706195098156E-04  0.733594194526E-04  0.761868697487E-04  0.791043011201E-04
  0.821142183315E-04  0.852191921435E-04  0.884218610009E-04  0.917249327632E-04
  0.951311864787E-04  0.986434742022E-04  0.102264722858E-03  0.105997936151E-03
  0.109846196522E-03  0.113812667155E-03  0.117900594029E-03  0.122113308033E-03
  0.126454227113E-03  0.130926858496E-03  0.135534800947E-03  0.140281747097E-03
  0.145171485823E-03  0.150207904685E-03  0.155394992426E-03  0.160736841529E-03
  0.166237650846E-03  0.171901728280E-03  0.177733493542E-03  0.183737480967E-03
  0.189918342408E-03  0.196280850196E-03  0.202829900166E-03  0.209570514771E-03
  0.216507846257E-03  0.223647179926E-03  0.230993937471E-03  0.238553680394E-03
  0.246332113506E-03  0.254335088517E-03  0.262568607700E-03  0.271038827656E-03
  0.279752063163E-03  0.288714791114E-03  0.297933654558E-03  0.307415466829E-03
  0.317167215777E-03  0.327196068101E-03  0.337509373781E-03  0.348114670615E-03
  0.359019688868E-03  0.370232356025E-03  0.381760801655E-03  0.393613362398E-03
  0.405798587054E-03  0.418325241807E-03  0.431202315553E-03  0.444439025368E-03
  0.458044822091E-03  0.472029396040E-03  0.486402682858E-03  0.501174869496E-03
  0.516356400330E-03  0.531957983413E-03  0.547990596879E-03  0.564465495482E-03
  0.581394217290E-03  0.598788590520E-03  0.616660740534E-03  0.635023096989E-03
  0.653888401140E-03  0.673269713312E-03  0.693180420532E-03  0.713634244325E-03
  0.734645248686E-03  0.756227848221E-03  0.778396816465E-03  0.801167294373E-03
  0.824554799004E-03  0.848575232373E-03  0.873244890506E-03  0.898580472672E-03
  0.924599090813E-03  0.951318279169E-03  0.978756004101E-03  0.100693067411E-02
  0.103586115007E-02  0.106556675566E-02  0.109606728797E-02  0.112738302842E-02
  0.115953475376E-02  0.119254374737E-02  0.122643181076E-02  0.126122127530E-02
  0.129693501412E-02  0.133359645430E-02  0.137122958926E-02  0.140985899136E-02
  0.144950982473E-02  0.149020785838E-02  0.153197947947E-02  0.157485170687E-02
  0.161885220491E-02  0.166400929739E-02  0.171035198182E-02  0.175790994390E-02
  0.180671357220E-02  0.185679397313E-02  0.190818298610E-02  0.196091319891E-02
  0.201501796344E-02  0.207053141146E-02  0.212748847077E-02  0.218592488151E-02
  0.224587721271E-02  0.230738287908E-02  0.237048015797E-02  0.243520820662E-02
  0.250160707953E-02  0.256971774612E-02  0.263958210858E-02  0.271124301983E-02
  0.278474430183E-02  0.286013076391E-02  0.293744822141E-02  0.301674351442E-02
  0.309806452675E-02  0.318146020495E-02  0.326698057764E-02  0.335467677481E-02
  0.344460104743E-02  0.353680678702E-02  0.363134854547E-02  0.372828205490E-02
  0.382766424760E-02  0.392955327614E-02  0.403400853344E-02  0.414109067303E-02
  0.425086162928E-02  0.436338463768E-02  0.447872425521E-02  0.459694638070E-02
  0.471811827519E-02  0.484230858230E-02  0.496958734865E-02  0.510002604420E-02
  0.523369758259E-02  0.537067634150E-02  0.551103818292E-02  0.565486047340E-02
  0.580222210431E-02  0.595320351202E-02  0.610788669805E-02  0.626635524922E-02
  0.642869435776E-02  0.659499084139E-02  0.676533316349E-02  0.693981145320E-02
  0.711851752559E-02  0.730154490197E-02  0.748898883021E-02  0.768094630530E-02
  0.787751609001E-02  0.807879873588E-02  0.828489660445E-02  0.849591388887E-02
  0.871195663596E-02  0.893313276881E-02  0.915955210993E-02  0.939132640518E-02
  0.962856934853E-02  0.987139660770E-02  0.101199258509E-01  0.103742767750E-01
  0.106345711344E-01  0.109009327728E-01  0.111734876548E-01  0.114523639013E-01
  0.117376918254E-01  0.120296039720E-01  0.123282351587E-01  0.126337225205E-01
  0.129462055566E-01  0.132658261808E-01  0.135927287755E-01  0.139270602494E-01
  0.142689700984E-01  0.146186104715E-01  0.149761362406E-01  0.153417050751E-01
  0.157154775207E-01  0.160976170835E-01  0.164882903191E-01  0.168876669264E-01
  0.172959198465E-01  0.177132253666E-01  0.181397632289E-01  0.185757167436E-01
  0.190212729069E-01  0.194766225224E-01  0.199419603254E-01  0.204174851110E-01
  0.209033998629E-01  0.213999118831E-01  0.219072329216E-01  0.224255793040E-01
  0.229551720553E-01  0.234962370189E-01  0.240490049680E-01  0.246137117074E-01
  0.251905981628E-01  0.257799104559E-01  0.263818999611E-01  0.269968233410E-01
  0.276249425584E-01  0.282665248596E-01  0.289218427276E-01  0.295911737999E-01
  0.302748007489E-01  0.309730111220E-01  0.316860971372E-01  0.324143554350E-01
  0.331580867825E-01  0.339175957319E-01  0.346931902332E-01  0.354851812047E-01
  0.362938820657E-01  0.371196082387E-01  0.379626766302E-01  0.388234051039E-01
  0.397021119605E-01  0.405991154446E-01  0.415147333011E-01  0.424492824063E-01
  0.434030785042E-01  0.443764360768E-01  0.453696683817E-01  0.463830876849E-01
  0.474170057154E-01  0.484717343542E-01  0.495475865590E-01  0.506448774961E-01
  0.517639258190E-01  0.529050549766E-01  0.540685943640E-01  0.552548800279E-01
  0.564642545053E-01  0.576970653261E-01  0.589536624841E-01  0.602343970456E-01
  0.615396215878E-01  0.628696895933E-01  0.642249553628E-01  0.656057738295E-01
  0.670125003482E-01  0.684454904858E-01  0.699050998004E-01  0.713916836092E-01
  0.729055967480E-01  0.744471933194E-01  0.760168264317E-01  0.776148479267E-01
  0.792416080963E-01  0.808974553894E-01  0.825827361060E-01  0.842977940811E-01
  0.860429703567E-01  0.878186028415E-01  0.896250259591E-01  0.914625702842E-01
  0.933315621654E-01  0.952323233370E-01  0.971651705166E-01  0.991304149909E-01
  0.101128362188      0.103159311236      0.105223554512      0.107321377168    
  0.109453056660      0.111618862243      0.113819054472      0.116053884673    
  0.118323594414      0.120628414951      0.122968566667      0.125344258496    
  0.127755687333      0.130203037428      0.132686479769      0.135206171454    
  0.137762255045      0.140354857910      0.142984091554      0.145650050938    
  0.148352813779      0.151092439848      0.153868970249      0.156682426687    
  0.159532810727      0.162420103044      0.165344262658      0.168305226163    
  0.171302906945      0.174337194393      0.177407953102      0.180515022068    
  0.183658213875      0.186837313881      0.190052079394      0.193302238848    
  0.196587490971      0.199907503960      0.203261914645      0.206650327656    
  0.210072314598      0.213527413216      0.217015126578      0.220534922249    
  0.224086231483      0.227668448413      0.231280929260      0.234922991544    
  0.238593913315      0.242292932391      0.246019245617      0.249772008140    
  0.253550332703      0.257353288962      0.261179902824      0.265029155810    
  0.268899984452      0.272791279709      0.276701886420      0.280630602797    
  0.284576179941      0.288537321408      0.292512682808      0.296500871452    
  0.300500446046      0.304509916422      0.308527743335      0.312552338303    
  0.316582063501      0.320615231722      0.324650106393      0.328684901648    
  0.332717782480      0.336746864950      0.340770216475      0.344785856176    
  0.348791755321      0.352785837826      0.356765980851      0.360730015474    
  0.364675727444      0.368600858031      0.372503104960      0.376380123437    
  0.380229527269      0.384048890079      0.387835746615      0.391587594168    
  0.395301894076      0.398976073338      0.402607526332      0.406193616631    
  0.409731678929      0.413219021069      0.416652926177      0.420030654910    
  0.423349447796      0.426606527696      0.429799102358      0.432924367092    
  0.435979507534      0.438961702524      0.441868127084      0.444695955495    
  0.447442364478      0.450104536463      0.452679662964      0.455164948034    
  0.457557611820      0.459854894192      0.462054058463      0.464152395185    
  0.466147226012      0.468035907637      0.469815835796      0.471484449323    
  0.473039234263      0.474477728028      0.475797523600      0.476996273761    
  0.478071695355      0.479021573566      0.479843766213      0.480536208044    
  0.481096915034      0.481523988662      0.481815620173      0.481970094811    
  0.481985796008      0.481861209532      0.481594927570      0.481185652749    
  0.480632202075      0.479933510787      0.479088636115      0.478096760920    
  0.476957197228      0.475669389626      0.474232918520      0.472647503239    
  0.470913004988      0.469029429613      0.466996930200      0.464815809469    
  0.462486521972      0.460009676073      0.457386035708      0.454616521913    
  0.451702214108      0.448644351128      0.445444331998      0.442103716439    
  0.438624225097      0.435007739483      0.431256301636      0.427372113472    
  0.423357535842      0.419215087278      0.414947442423      0.410557430144    
  0.406048031331      0.401422376363      0.396683742258      0.391835549485    
  0.386881358465      0.381824865732      0.376669899776      0.371420416565    
  0.366080494746      0.360654330532      0.355146232279      0.349560614762    
  0.343901993156      0.338174976725      0.332384262240      0.326534627123    
  0.320630922338      0.314678065039      0.308681030986      0.302644846743    
  0.296574581683      0.290475339798      0.284352251356      0.278210464398    
  0.272055136115      0.265891424114      0.259724477587      0.253559428433    
  0.247401382325      0.241255409758      0.235126537107      0.229019737707    
  0.222939922989      0.216891933700      0.210880531218      0.204910389006    
  0.198986084220      0.193112089497      0.187292764952      0.181532350416    
  0.175834957924      0.170204564493      0.164645005211      0.159159966656    
  0.153752980672      0.148427418527      0.143186485467      0.138033215694    
  0.132970467780      0.128000920542      0.123127069383      0.118351223129    
  0.113675501361      0.109101832258      0.104631950961      0.100267398467    
  0.960095210515E-01  0.918594702274E-01  0.878182032431E-01  0.838864841117E-01
  0.800648851727E-01  0.763537891787E-01  0.727533918985E-01  0.692637052266E-01
  0.658845607861E-01  0.626156140094E-01  0.594563486805E-01  0.564060819183E-01
  0.534639695808E-01  0.506290120660E-01  0.479000604844E-01  0.452758231771E-01
  0.427548725496E-01  0.403356521932E-01  0.380164842611E-01  0.357955770695E-01
  0.336710328871E-01  0.316408558831E-01  0.297029601967E-01  0.278551780943E-01
  0.260952681802E-01  0.244209236260E-01  0.228297803834E-01  0.213194253485E-01
  0.198874044429E-01  0.185312305807E-01  0.172483914896E-01  0.160363573566E-01
  0.148925882708E-01  0.138145414358E-01  0.127996781269E-01  0.118454703714E-01
  0.109494073298E-01  0.101090013600E-01  0.932179374751E-02  0.858536008803E-02
  0.789731531017E-02  0.725531832868E-02  0.665707632142E-02  0.610034862496E-02
  0.558295024655E-02  0.510275499213E-02  0.465769821244E-02  0.424577917148E-02
  0.386506304336E-02  0.351368254573E-02  0.318983921977E-02  0.289180436811E-02
  0.261791966405E-02  0.236659744627E-02  0.213632071491E-02  0.192564284560E-02
  0.173318703911E-02  0.155764552483E-02  0.139777853703E-02  0.125241308300E-02
  0.112044152261E-02  0.100081997864E-02  0.892566597501E-03  0.794759679232E-03
  0.706535695879E-03  0.627087216359E-03  0.555660755654E-03  0.491554565339E-03
  0.434116381700E-03  0.382741146835E-03  0.336868717205E-03  0.295981573136E-03
  0.259602541751E-03  0.227292544765E-03  0.198648381537E-03  0.173300556692E-03
  0.150911160566E-03  0.131171809719E-03  0.113801653677E-03  0.985454531528E-04
  0.851717339771E-04  0.734710201052E-04  0.632541481986E-04  0.543506654718E-04
  0.466073117543E-04  0.398865860297E-04  0.340653970889E-04  0.290337973671E-04
  0.246937985364E-04  0.209582669809E-04  0.177498968997E-04  0.150002584619E-04
  0.126489181645E-04  0.106426283326E-04  0.893458253116E-05  0.748373353947E-05
  0.625417046081E-05  0.521455150084E-05  0.433758894464E-05  0.359958288945E-05
  0.298000034523E-05  0.246109639394E-05  0.202757419712E-05  0.166628075756E-05
  0.136593547013E-05  0.111688863688E-05  0.910907269581E-06  0.740985656103E-06
  0.601178323120E-06  0.486453184866E-06  0.392562823880E-06  0.315932003465E-06
  0.253559661595E-06  0.202933781085E-06  0.161957670112E-06  0.128886319919E-06
  0.102271632217E-06  0.809154270488E-07  0.638292524935E-07  0.502001204365E-07
  0.393613877636E-07  0.307680898581E-07  0.239761133821E-07  0.186246682687E-07
  0.144215849660E-07  0.111310225944E-07  0.856322720151E-08  0.656602712485E-08
  0.501779500194E-08  0.382164363140E-08  0.290065608055E-08  0.219397956389E-08
  0.165363806382E-08  0.124194079817E-08  0.929382805452E-09  0.692950443890E-09
  0.514758784710E-09  0.380960003566E-09  0.280872189356E-09  0.206286728899E-09
  0.150919797019E-09  0.109979671456E-09  0.798267669015E-10  0.577075896586E-10
  0.415473834419E-10  0.297891808416E-10  0.212693926052E-10  0.151220431543E-10
  0.107053689025E-10  0.754579852384E-11  0.529538450362E-11  0.369959806145E-11
  0.257307264679E-11  0.178141628457E-11  0.122763635959E-11  0.842053710348E-12
  0.574844025548E-12  0.390548121097E-12  0.264050614644E-12  0.177648430878E-12
  0.118924205637E-12  0.792112048673E-13  0.524907644707E-13  0.346043891636E-13
  0.226935912276E-13  0.148037042752E-13  0.960514061295E-14  0.619831809673E-14
  0.397787456585E-14  0.253866448410E-14  0.161103901270E-14  0.101653533284E-14
  0.637710143831E-15  0.397719567037E-15  0.246576303799E-15  0.151954660064E-15
  0.930748107589E-16  0.566594674459E-16  0.342768826237E-16  0.206055655938E-16
  0.123080036487E-16  0.730424904247E-17  0.430638637159E-17  0.252210994750E-17
  0.146721016355E-17  0.847737034734E-18  0.486444468843E-18  0.277185790158E-18
  0.156832496763E-18  0.881028365769E-19  0.491352669261E-19  0.272023673354E-19
  0.149482342370E-19  0.815271487574E-20  0.441268189044E-20  0.237000529062E-20
  0.126299065119E-20  0.667747615064E-21  0.350221391804E-21  0.182199544582E-21
  0.940116822784E-22  0.481062326248E-22  0.244095826938E-22  0.122804073268E-22
  0.612508248944E-23  0.302838173466E-23  0.148409245699E-23  0.720799561143E-24
  0.346914319210E-24  0.165437674253E-24  0.781629201439E-25  0.365822457528E-25
  0.169586621767E-25  0.778596082380E-26  0.353980499443E-26  0.159345348052E-26
  0.710130425181E-27  0.313271290103E-27  0.136782703881E-27  0.591035478504E-28
  0.252703144975E-28  0.106896798553E-28  0.447318852559E-29  0.185143688092E-29
  0.757844016807E-30  0.306739135647E-30  0.122748295492E-30  0.485575042480E-31
  0.189857932378E-31  0.733615901599E-32  0.280099032822E-32  0.105655431281E-32
  0.393679697911E-33  0.144876507813E-33  0.526488158505E-34  0.188906107513E-34
  0.669114329951E-35  0.233927296443E-35  0.807079117341E-36  0.274747307473E-36
  0.922697768526E-37  0.305646773788E-37  0.998479528526E-38  0.321618662562E-38
  0.102128933890E-38  0.319656547801E-39  0.985976206455E-40  0.299651911868E-40
  0.897127571130E-41  0.264542588042E-41  0.768170984815E-42  0.219612325979E-42
  0.618025746787E-43  0.171167345222E-43  0.466457521680E-44  0.125052207260E-44
  0.329737856666E-45  0.854975011064E-46  0.217948064971E-46  0.546102617178E-47
  0.134469139086E-47  0.325313741501E-48  0.773066223538E-49  0.180412808219E-49
  0.413385324857E-50  0.929777785012E-51  0.205228581931E-51  0.444455179638E-52
  0.944159025860E-53  0.196690637122E-53  0.401732154245E-54  0.804258321453E-55
  0.157779641621E-55  0.303243732834E-56  0.570828775987E-57  0.105215414317E-57
  0.189844202281E-58  0.335230368526E-59  0.579161441718E-60  0.978694155072E-61
  0.161720435848E-61  0.261234926126E-62  0.412404035269E-63  0.636084768513E-64
  0.958257634837E-65  0.140954887846E-65  0.202438917738E-66  0.284277198720E-67
  0.389463052903E-68  0.520393457785E-69  0.677956977359E-70
 Pseudo-wave-function follows (l, zelect, rc)
  0    1.00000000000       0.148971208675    
  0.558308752374E-04  0.112364013918E-03  0.169608246766E-03  0.227572515411E-03
  0.286265873786E-03  0.345697489519E-03  0.405876645365E-03  0.466812740639E-03
  0.528515292675E-03  0.590993938299E-03  0.654258435322E-03  0.718318664053E-03
  0.783184628827E-03  0.848866459554E-03  0.915374413283E-03  0.982718875795E-03
  0.105091036320E-02  0.111995952358E-02  0.118987713861E-02  0.126067412523E-02
  0.133236153736E-02  0.140495056756E-02  0.147845254879E-02  0.155287895615E-02
  0.162824140865E-02  0.170455167098E-02  0.178182165536E-02  0.186006342335E-02
  0.193928918772E-02  0.201951131430E-02  0.210074232393E-02  0.218299489434E-02
  0.226628186211E-02  0.235061622468E-02  0.243601114228E-02  0.252247994000E-02
  0.261003610980E-02  0.269869331262E-02  0.278846538041E-02  0.287936631831E-02
  0.297141030676E-02  0.306461170367E-02  0.315898504661E-02  0.325454505506E-02
  0.335130663261E-02  0.344928486927E-02  0.354849504375E-02  0.364895262580E-02
  0.375067327856E-02  0.385367286092E-02  0.395796742997E-02  0.406357324340E-02
  0.417050676199E-02  0.427878465210E-02  0.438842378818E-02  0.449944125534E-02
  0.461185435193E-02  0.472568059215E-02  0.484093770867E-02  0.495764365536E-02
  0.507581660991E-02  0.519547497665E-02  0.531663738926E-02  0.543932271359E-02
  0.556355005046E-02  0.568933873856E-02  0.581670835731E-02  0.594567872981E-02
  0.607626992577E-02  0.620850226451E-02  0.634239631801E-02  0.647797291392E-02
  0.661525313867E-02  0.675425834062E-02  0.689501013316E-02  0.703753039797E-02
  0.718184128820E-02  0.732796523172E-02  0.747592493448E-02  0.762574338378E-02
  0.777744385164E-02  0.793104989826E-02  0.808658537538E-02  0.824407442982E-02
  0.840354150693E-02  0.856501135419E-02  0.872850902476E-02  0.889405988109E-02
  0.906168959862E-02  0.923142416941E-02  0.940328990593E-02  0.957731344476E-02
  0.975352175047E-02  0.993194211937E-02  0.101126021835E-01  0.102955299143E-01
  0.104807536270E-01  0.106683019841E-01  0.108582039998E-01  0.110504890438E-01
  0.112451868455E-01  0.114423274982E-01  0.116419414631E-01  0.118440595736E-01
  0.120487130397E-01  0.122559334519E-01  0.124657527860E-01  0.126782034069E-01
  0.128933180736E-01  0.131111299431E-01  0.133316725751E-01  0.135549799365E-01
  0.137810864058E-01  0.140100267778E-01  0.142418362682E-01  0.144765505179E-01
  0.147142055983E-01  0.149548380153E-01  0.151984847144E-01  0.154451830853E-01
  0.156949709671E-01  0.159478866522E-01  0.162039688922E-01  0.164632569020E-01
  0.167257903650E-01  0.169916094379E-01  0.172607547558E-01  0.175332674370E-01
  0.178091890880E-01  0.180885618085E-01  0.183714281967E-01  0.186578313538E-01
  0.189478148895E-01  0.192414229269E-01  0.195387001075E-01  0.198396915964E-01
  0.201444430874E-01  0.204530008083E-01  0.207654115254E-01  0.210817225492E-01
  0.214019817394E-01  0.217262375097E-01  0.220545388335E-01  0.223869352481E-01
  0.227234768609E-01  0.230642143534E-01  0.234091989871E-01  0.237584826079E-01
  0.241121176517E-01  0.244701571488E-01  0.248326547295E-01  0.251996646283E-01
  0.255712416895E-01  0.259474413715E-01  0.263283197519E-01  0.267139335322E-01
  0.271043400425E-01  0.274995972459E-01  0.278997637435E-01  0.283048987786E-01
  0.287150622412E-01  0.291303146721E-01  0.295507172679E-01  0.299763318841E-01
  0.304072210402E-01  0.308434479227E-01  0.312850763897E-01  0.317321709742E-01
  0.321847968879E-01  0.326430200245E-01  0.331069069630E-01  0.335765249710E-01
  0.340519420075E-01  0.345332267260E-01  0.350204484769E-01  0.355136773101E-01
  0.360129839770E-01  0.365184399329E-01  0.370301173387E-01  0.375480890624E-01
  0.380724286805E-01  0.386032104793E-01  0.391405094554E-01  0.396844013166E-01
  0.402349624819E-01  0.407922700819E-01  0.413564019578E-01  0.419274366615E-01
  0.425054534541E-01  0.430905323047E-01  0.436827538887E-01  0.442821995858E-01
  0.448889514771E-01  0.455030923429E-01  0.461247056589E-01  0.467538755922E-01
  0.473906869979E-01  0.480352254137E-01  0.486875770550E-01  0.493478288091E-01
  0.500160682294E-01  0.506923835282E-01  0.513768635698E-01  0.520695978626E-01
  0.527706765507E-01  0.534801904049E-01  0.541982308133E-01  0.549248897711E-01
  0.556602598696E-01  0.564044342850E-01  0.571575067664E-01  0.579195716229E-01
  0.586907237104E-01  0.594710584176E-01  0.602606716510E-01  0.610596598199E-01
  0.618681198203E-01  0.626861490179E-01  0.635138452313E-01  0.643513067135E-01
  0.651986321333E-01  0.660559205562E-01  0.669232714244E-01  0.678007845361E-01
  0.686885600248E-01  0.695866983372E-01  0.704953002115E-01  0.714144666544E-01
  0.723442989186E-01  0.732848984786E-01  0.742363670079E-01  0.751988063543E-01
  0.761723185161E-01  0.771570056179E-01  0.781529698863E-01  0.791603136257E-01
  0.801791391944E-01  0.812095489810E-01  0.822516453812E-01  0.833055307751E-01
  0.843713075057E-01  0.854490778576E-01  0.865389440372E-01  0.876410081541E-01
  0.887553722041E-01  0.898821380536E-01  0.910214074258E-01  0.921732818896E-01
  0.933378628506E-01  0.945152515443E-01  0.957055490330E-01  0.969088562057E-01
  0.981252737808E-01  0.993549023141E-01  0.100597842209      0.101854193735    
  0.103124057043      0.104407532197      0.105704719202      0.107015718042    
  0.108340628724      0.109679551326      0.111032586055      0.112399833309    
  0.113781393752      0.115177368386      0.116587858644      0.118012966479    
  0.119452794468      0.120907445923      0.122377025004      0.123861636851    
  0.125361387712      0.126876385085      0.128406737860      0.129952556479    
  0.131513953084      0.133091041682      0.134683938309      0.136292761192    
  0.137917630915      0.139558670576      0.141216005949      0.142889765631    
  0.144580081182      0.146287087247      0.148010921672      0.149751725590    
  0.151509643486      0.153284823233      0.155077416097      0.156887576703    
  0.158715462952      0.160561235901      0.162425059583      0.164307100765    
  0.166207528651      0.168126514515      0.170064231255      0.172020852882    
  0.173996553923      0.175991508748      0.178005890825      0.180039871884    
  0.182093621022      0.184167303742      0.186261080933      0.188375107811    
  0.190509532844      0.192664496672      0.194840131054      0.197036557882    
  0.199253888286      0.201492221882      0.203751646207      0.206032236394    
  0.208334055129      0.210657152960      0.213001568988      0.215367331988    
  0.217754461977      0.220162972235      0.222592871726      0.225044167839    
  0.227516869275      0.230010988809      0.232526545543      0.235063566051    
  0.237622083627      0.240202134617      0.242803753127      0.245426968962    
  0.248071807418      0.250738289139      0.253426429977      0.256136240854    
  0.258867727610      0.261620890864      0.264395725858      0.267192222307    
  0.270010364247      0.272850129876      0.275711491393      0.278594414844    
  0.281498859949      0.284424779945      0.287372121410      0.290340824101    
  0.293330820775      0.296342037015      0.299374391057      0.302427793608    
  0.305502147666      0.308597348338      0.311713282652      0.314849829374    
  0.318006858817      0.321184232652      0.324381803714      0.327599415809    
  0.330836903520      0.334094092008      0.337370796816      0.340666823666    
  0.343981968261      0.347316016081      0.350668742182      0.354039910990    
  0.357429276098      0.360836580057      0.364261554174      0.367703918304    
  0.371163380640      0.374639637510      0.378132373170      0.381641259593    
  0.385165956265      0.388706109981      0.392261354633      0.395831311011    
  0.399415586599      0.403013775368      0.406625457579      0.410250199582    
  0.413887553618      0.417537057624      0.421198235039      0.424870594613    
  0.428553630221      0.432246820674      0.435949629541      0.439661504968    
  0.443381879507      0.447110169942      0.450845777125      0.454588085814    
  0.458336464517      0.462090265344      0.465848823857      0.469611458933    
  0.473377472632      0.477146150070      0.480916759299      0.484688551196    
  0.488460759358      0.492232600007      0.496003271901      0.499771956256    
  0.503537816678      0.507299999098      0.511057631728      0.514809825018    
  0.518555671628      0.522294246412      0.526024606409      0.529745790853    
  0.533456821187      0.537156701102      0.540844416574      0.544518935929    
  0.548179209912      0.551824171776      0.555452737387      0.559063805338    
  0.562656257087      0.566228957103      0.569780753038      0.573310475911    
  0.576816940304      0.580298944591      0.583755271170      0.587184686723    
  0.590585942490      0.593957774571      0.597298904235      0.600608038261    
  0.603883869296      0.607125076227      0.610330324590      0.613498266984    
  0.616627543519      0.619716782278      0.622764599809      0.625769601634    
  0.628730382786      0.631645528364      0.634513614116      0.637333207042    
  0.640102866029      0.642821142496      0.645486581077      0.648097720321    
  0.650653093417      0.653151228947      0.655590651657      0.657969883259    
  0.660287443255      0.662541849782      0.664731620486      0.666855273420    
  0.668911327961      0.670898305753      0.672814731680      0.674659134852    
  0.676430049620      0.678126016610      0.679745583788      0.681287307532    
  0.682749753742      0.684131498956      0.685431131499      0.686647252641    
  0.687778477784      0.688823437662      0.689780779560      0.690649168548    
  0.691427288740      0.692113844560      0.692707562022      0.693207190038    
  0.693611501718      0.693919295703      0.694129397495      0.694240660802    
  0.694251968894      0.694162235968      0.693970408511      0.693675466681    
  0.693276425683      0.692772337155      0.692162290551      0.691445414529    
  0.690620878333      0.689687893177      0.688645713626      0.687493638969    
  0.686231014585      0.684857233305      0.683371736762      0.681774016725    
  0.680063616430      0.678240131885      0.676303213168      0.674252565701    
  0.672087951503      0.669809190428      0.667416161370      0.664908803450    
  0.662287117170      0.659551165537      0.656701075162      0.653737037317    
  0.650659308959      0.647468213718      0.644164142842      0.640747556100    
  0.637218982641      0.633579021806      0.629828343892      0.625967690858    
  0.621997876989      0.617919789491      0.613734389038      0.609442710249    
  0.605045862109      0.600545028318      0.595941467580      0.591236513808    
  0.586431576272      0.581528139656      0.576527764050      0.571432084849    
  0.566242812583      0.560961732647      0.555590704954      0.550131663493    
  0.544586615796      0.538957642313      0.533246895679      0.527456599902    
  0.521589049427      0.515646608120      0.509631708121      0.503546848616    
  0.497394594487      0.491177574854      0.484898481509      0.478560067233    
  0.472165144004      0.465716581091      0.459217303028      0.452670287480    
  0.446078562991      0.439445206613      0.432773341426      0.426066133941    
  0.419326791389      0.412558558903      0.405764716580      0.398948576441    
  0.392113479288      0.385262791447      0.378399901418      0.371528216425    
  0.364651158872      0.357772162709      0.350894669711      0.344022125685    
  0.337157976586      0.330305664585      0.323468624050      0.316650277493    
  0.309854031452      0.303083272337      0.296341362240      0.289631634723    
  0.282957390580      0.276321893597      0.269728366312      0.263179985780    
  0.256679879361      0.250231120542      0.243836724788      0.237499645454    
  0.231222769752      0.225008914793      0.218860823711      0.212781161876    
  0.206772513222      0.200837376677      0.194978162732      0.189197190135    
  0.183496682744      0.177878766523      0.172345466722      0.166898705220    
  0.161540298061      0.156271953182      0.151095268347      0.146011729291    
  0.141022708078      0.136129461692      0.131333130849      0.126634739053    
  0.122035191886      0.117535276547      0.113135661635      0.108836897179    
  0.104639414922      0.100543528855      0.965494359956E-01  0.926572174223E-01
  0.888668395478E-01  0.851781556394E-01  0.815909075757E-01  0.781047278367E-01
  0.747191417219E-01  0.714335697872E-01  0.682473304962E-01  0.651596430745E-01
  0.621696305590E-01  0.592763230328E-01  0.564786610329E-01  0.537754991222E-01
  0.511656096114E-01  0.486476864191E-01  0.462203490584E-01  0.438821467340E-01
  0.416315625388E-01  0.394670177337E-01  0.373868760982E-01  0.353894483355E-01
  0.334729965195E-01  0.316357385672E-01  0.298758527242E-01  0.281914820463E-01
  0.265807388659E-01  0.250417092268E-01  0.235724572751E-01  0.221710295928E-01
  0.208354594610E-01  0.195637710408E-01  0.183539834595E-01  0.172041147918E-01
  0.161121859252E-01  0.150762242987E-01  0.140942675083E-01  0.131643667673E-01
  0.122845902180E-01  0.114530260836E-01  0.106677856591E-01  0.992700613126E-02
  0.922885322733E-02  0.857152368687E-02  0.795324755461E-02  0.737229029281E-02
  0.682695471185E-02  0.631558271900E-02  0.583655688605E-02  0.538830183698E-02
  0.496928545792E-02  0.457801993201E-02  0.421306260272E-02  0.387301666955E-02
  0.355653172084E-02  0.326230410858E-02  0.298907717121E-02  0.273564131008E-02
  0.250083392632E-02  0.228353922469E-02  0.208268789170E-02  0.189725665513E-02
  0.172626773266E-02  0.156878817715E-02  0.142392912647E-02  0.129084496563E-02
  0.116873240911E-02  0.105682951130E-02  0.954414612634E-03  0.860805229251E-03
  0.775356893599E-03  0.697461953370E-03  0.626548335871E-03  0.562078284748E-03
  0.503547075702E-03  0.450481717541E-03  0.402439644643E-03  0.359007406542E-03
  0.319799360059E-03  0.284456369017E-03  0.252644516251E-03  0.224053832252E-03
  0.198397044429E-03  0.175408350598E-03  0.154842219956E-03  0.136472224435E-03
  0.120089902975E-03  0.105503660923E-03  0.925377064122E-04  0.810310252677E-04
  0.708363956692E-04  0.618194434993E-04  0.538577390339E-04  0.468399353614E-04
  0.406649486667E-04  0.352411802923E-04  0.304857802682E-04  0.263239518133E-04
  0.226882961319E-04  0.195181966706E-04  0.167592418622E-04  0.143626852591E-04
  0.122849418528E-04  0.104871192901E-04  0.893458262114E-05  0.759655115692E-05
  0.644572597418E-05  0.545794657170E-05  0.461187516874E-05  0.388870712945E-05
  0.327190600371E-05  0.274696168959E-05  0.230117024721E-05  0.192343392546E-05
  0.160408000147E-05  0.133469707746E-05  0.110798752838E-05  0.917634847423E-06
  0.758184692429E-06  0.624938495279E-06  0.513858556422E-06  0.421483608108E-06
  0.344853891375E-06  0.281444853253E-06  0.229108631159E-06  0.186022550918E-06
  0.150643922645E-06  0.121670474713E-06  0.980058197824E-07  0.787293983483E-07
  0.630703940998E-07  0.503851616573E-07  0.401377507289E-07  0.318831514555E-07
  0.252529236525E-07  0.199429078381E-07  0.157027484123E-07  0.123269891937E-07
  0.964752882194E-08  0.752724839963E-08  0.585464629754E-08  0.453933541369E-08
  0.350827648565E-08  0.270263745207E-08  0.207518347776E-08  0.158811523671E-08
  0.121128452407E-08  0.920726373845E-09  0.697455719862E-09  0.526484375285E-09
  0.396020834058E-09  0.296821224038E-09  0.221664765678E-09  0.164931404361E-09
  0.122262973525E-09  0.902923869063E-10  0.664280214514E-10  0.486827009311E-10
  0.355385803696E-10  0.258408134297E-10  0.187142032839E-10  0.134981314038E-10
  0.969596234982E-11  0.693586580909E-11  0.494060559867E-11  0.350434128427E-11
  0.247489045217E-11  0.174022465989E-11  0.121823336164E-11  0.848999172082E-12
  0.588994342507E-12  0.406740312991E-12  0.279576329459E-12  0.191264862422E-12
  0.130225431662E-12  0.882380940114E-13  0.594962619460E-13  0.399180857318E-13
  0.266482732136E-13  0.176994719746E-13  0.116954141417E-13  0.768788341558E-14
  0.502695892693E-14  0.326950768884E-14  0.211499144509E-14  0.136067520088E-14
  0.870542398465E-15  0.553840371046E-15  0.350354540499E-15  0.220357681286E-15
  0.137788949541E-15  0.856513838713E-16  0.529243851141E-16  0.325046826498E-16
  0.198413640866E-16  0.120364662343E-16  0.725595067143E-17  0.434633320424E-17
  0.258672454401E-17  0.152946826265E-17  0.898375861408E-18  0.524163459336E-18
  0.303759420066E-18  0.174827572830E-18  0.999239522393E-19  0.567114356711E-19
  0.319576194234E-19  0.178789423560E-19  0.992963396526E-20  0.547404734108E-20
  0.299520895059E-20  0.162647661048E-20  0.876453688877E-21  0.468628157921E-21
  0.248601250340E-21  0.130830946233E-21  0.682976995440E-22  0.353627236162E-22
  0.181586865334E-22  0.924648644853E-23  0.466849110836E-23  0.233688400822E-23
  0.115960836715E-23  0.570362853257E-24  0.278040703339E-24  0.134317844235E-24
  0.642950528510E-25  0.304922599346E-25  0.143258022917E-25  0.666674766503E-26
  0.307271730794E-26  0.140246449750E-26  0.633823489300E-27  0.283594507396E-27
  0.125610376362E-27  0.550675749799E-28  0.238920252157E-28  0.102574573710E-28
  0.435711182066E-29  0.183092988872E-29  0.761026636939E-30  0.312840906441E-30
  0.127169361395E-30  0.511111507978E-31  0.203077352594E-31  0.797549301116E-32
  0.309557396486E-32  0.118724435179E-32  0.449932169846E-33  0.168605235792E-33
  0.624069813171E-34  0.228121363475E-34  0.823381514836E-35
