 H  pb nrl nc  
 converted from H.pbe-mt-cpi.UPF (UPF 2.0.1, semilocal norm-conserving)
 1s(  1.00) rc= 1.1577
   1  0  773  6.250000000000E-03  1.219994341177E-02  1.000000000000E+00   nl nls nr a b zion
 Radial grid follows
  7.671666427382E-05  1.543750000000E-04  2.329865658814E-04  3.125630625000E-04
  3.931163340586E-04  4.746583701437E-04  5.572013075099E-04  6.407574318863E-04
  7.253391798054E-04  8.109591404539E-04  8.976300575466E-04  9.853648312231E-04
  1.074176519968E-03  1.164078342554E-03  1.255083680011E-03  1.347206077615E-03
  1.440459246907E-03  1.534857067733E-03  1.630413590306E-03  1.727143037305E-03
  1.825059805987E-03  1.924178470327E-03  2.024513783195E-03  2.126080678544E-03
  2.228894273639E-03  2.332969871304E-03  2.438322962198E-03  2.544969227125E-03
  2.652924539365E-03  2.762204967035E-03  2.872826775487E-03  2.984806429721E-03
  3.098160596841E-03  3.212906148535E-03  3.329060163583E-03  3.446639930404E-03
  3.565662949624E-03  3.686146936685E-03  3.808109824480E-03  3.931569766021E-03
  4.056545137144E-03  4.183054539242E-03  4.311116802032E-03  4.440750986361E-03
  4.571976387042E-03  4.704812535724E-03  4.839279203802E-03  4.975396405357E-03
  5.113184400136E-03  5.252663696569E-03  5.393855054819E-03  5.536779489874E-03
  5.681458274673E-03  5.827912943274E-03  5.976165294058E-03  6.126237392973E-03
  6.278151576821E-03  6.431930456579E-03  6.587596920768E-03  6.745174138857E-03
  6.904685564711E-03  7.066154940087E-03  7.229606298160E-03  7.395063967107E-03
  7.562552573724E-03  7.732097047094E-03  7.903722622295E-03  8.077454844157E-03
  8.253319571066E-03  8.431342978808E-03  8.611551564471E-03  8.793972150385E-03
  8.978631888114E-03  9.165558262499E-03  9.354779095750E-03  9.546322551583E-03
  9.740217139415E-03  9.936491718607E-03  1.013517550276E-02  1.033629806406E-02
  1.053988933768E-02  1.074597962624E-02  1.095459960432E-02  1.116578032301E-02
  1.137955321454E-02  1.159595009699E-02  1.181500317894E-02  1.203674506438E-02
  1.226120875746E-02  1.248842766747E-02  1.271843561377E-02  1.295126683086E-02
  1.318695597343E-02  1.342553812158E-02  1.366704878598E-02  1.391152391318E-02
  1.415899989099E-02  1.440951355384E-02  1.466310218830E-02  1.491980353862E-02
  1.517965581235E-02  1.544269768602E-02  1.570896831091E-02  1.597850731887E-02
  1.625135482819E-02  1.652755144964E-02  1.680713829245E-02  1.709015697045E-02
  1.737664960827E-02  1.766665884762E-02  1.796022785360E-02  1.825740032116E-02
  1.855822048158E-02  1.886273310909E-02  1.917098352748E-02  1.948301761688E-02
  1.979888182060E-02  2.011862315202E-02  2.044228920157E-02  2.076992814387E-02
  2.110158874485E-02  2.143732036903E-02  2.177717298685E-02  2.212119718214E-02
  2.246944415963E-02  2.282196575254E-02  2.317881443037E-02  2.354004330663E-02
  2.390570614680E-02  2.427585737630E-02  2.465055208862E-02  2.502984605350E-02
  2.541379572521E-02  2.580245825102E-02  2.619589147963E-02  2.659415396982E-02
  2.699730499917E-02  2.740540457287E-02  2.781851343265E-02  2.823669306582E-02
  2.866000571444E-02  2.908851438455E-02  2.952228285559E-02  2.996137568985E-02
  3.040585824212E-02  3.085579666939E-02  3.131125794070E-02  3.177230984712E-02
  3.223902101183E-02  3.271146090035E-02  3.318969983083E-02  3.367380898458E-02
  3.416386041665E-02  3.465992706650E-02  3.516208276894E-02  3.567040226505E-02
  3.618496121333E-02  3.670583620099E-02  3.723310475530E-02  3.776684535516E-02
  3.830713744276E-02  3.885406143543E-02  3.940769873759E-02  3.996813175288E-02
  4.053544389641E-02  4.110971960718E-02  4.169104436065E-02  4.227950468148E-02
  4.287518815636E-02  4.347818344711E-02  4.408858030382E-02  4.470646957825E-02
  4.533194323733E-02  4.596509437684E-02  4.660601723529E-02  4.725480720794E-02
  4.791156086100E-02  4.857637594598E-02  4.924935141427E-02  4.993058743185E-02
  5.062018539420E-02  5.131824794141E-02  5.202487897344E-02  5.274018366557E-02
  5.346426848408E-02  5.419724120211E-02  5.493921091564E-02  5.569028805980E-02
  5.645058442525E-02  5.722021317487E-02  5.799928886056E-02  5.878792744029E-02
  5.958624629541E-02  6.039436424807E-02  6.121240157891E-02  6.204048004500E-02
  6.287872289791E-02  6.372725490211E-02  6.458620235349E-02  6.545569309819E-02
  6.633585655162E-02  6.722682371771E-02  6.812872720844E-02  6.904170126354E-02
  6.996588177049E-02  7.090140628475E-02  7.184841405022E-02  7.280704601999E-02
  7.377744487726E-02  7.475975505668E-02  7.575412276573E-02  7.676069600658E-02
  7.777962459805E-02  7.881106019794E-02  7.985515632562E-02  8.091206838483E-02
  8.198195368686E-02  8.306497147394E-02  8.416128294293E-02  8.527105126934E-02
  8.639444163162E-02  8.753162123569E-02  8.868275933992E-02  8.984802728022E-02
  9.102759849561E-02  9.222164855404E-02  9.343035517846E-02  9.465389827332E-02
  9.589245995136E-02  9.714622456067E-02  9.841537871216E-02  9.970011130732E-02
  1.010006135664E-01  1.023170790566E-01  1.036497037214E-01  1.049986859093E-01
  1.063642264034E-01  1.077465284513E-01  1.091457977955E-01  1.105622427040E-01
  1.119960740011E-01  1.134475050988E-01  1.149167520289E-01  1.164040334747E-01
  1.179095708040E-01  1.194335881016E-01  1.209763122029E-01  1.225379727277E-01
  1.241188021143E-01  1.257190356541E-01  1.273389115265E-01  1.289786708347E-01
  1.306385576412E-01  1.323188190043E-01  1.340197050149E-01  1.357414688337E-01
  1.374843667288E-01  1.392486581139E-01  1.410346055870E-01  1.428424749693E-01
  1.446725353450E-01  1.465250591011E-01  1.484003219680E-01  1.502986030609E-01
  1.522201849207E-01  1.541653535565E-01  1.561343984882E-01  1.581276127893E-01
  1.601452931309E-01  1.621877398252E-01  1.642552568712E-01  1.663481519989E-01
  1.684667367159E-01  1.706113263533E-01  1.727822401128E-01  1.749798011142E-01
  1.772043364436E-01  1.794561772017E-01  1.817356585537E-01  1.840431197786E-01
  1.863789043200E-01  1.887433598371E-01  1.911368382567E-01  1.935596958251E-01
  1.960122931616E-01  1.984949953120E-01  2.010081718027E-01  2.035521966962E-01
  2.061274486463E-01  2.087343109546E-01  2.113731716278E-01  2.140444234352E-01
  2.167484639670E-01  2.194856956940E-01  2.222565260270E-01  2.250613673777E-01
  2.279006372199E-01  2.307747581519E-01  2.336841579592E-01  2.366292696783E-01
  2.396105316608E-01  2.426283876393E-01  2.456832867928E-01  2.487756838140E-01
  2.519060389766E-01  2.550748182042E-01  2.582824931393E-01  2.615295412139E-01
  2.648164457199E-01  2.681436958818E-01  2.715117869292E-01  2.749212201701E-01
  2.783725030663E-01  2.818661493083E-01  2.854026788921E-01  2.889826181962E-01
  2.926065000607E-01  2.962748638657E-01  2.999882556122E-01  3.037472280032E-01
  3.075523405258E-01  3.114041595348E-01  3.153032583368E-01  3.192502172754E-01
  3.232456238177E-01  3.272900726421E-01  3.313841657260E-01  3.355285124363E-01
  3.397237296194E-01  3.439704416935E-01  3.482692807410E-01  3.526208866033E-01
  3.570259069753E-01  3.614849975024E-01  3.659988218776E-01  3.705680519407E-01
  3.751933677780E-01  3.798754578237E-01  3.846150189621E-01  3.894127566319E-01
  3.942693849305E-01  3.991856267207E-01  4.041622137383E-01  4.091998867007E-01
  4.142993954176E-01  4.194614989022E-01  4.246869654844E-01  4.299765729251E-01
  4.353311085319E-01  4.407513692764E-01  4.462381619126E-01  4.517923030975E-01
  4.574146195119E-01  4.631059479840E-01  4.688671356138E-01  4.746990398992E-01
  4.806025288635E-01  4.865784811847E-01  4.926277863264E-01  4.987513446700E-01
  5.049500676487E-01  5.112248778833E-01  5.175767093196E-01  5.240065073670E-01
  5.305152290398E-01  5.371038430990E-01  5.437733301971E-01  5.505246830236E-01
  5.573589064529E-01  5.642770176942E-01  5.712800464423E-01  5.783690350313E-01
  5.855450385895E-01  5.928091251966E-01  6.001623760426E-01  6.076058855889E-01
  6.151407617309E-01  6.227681259630E-01  6.304891135456E-01  6.383048736742E-01
  6.462165696502E-01  6.542253790540E-01  6.623324939206E-01  6.705391209166E-01
  6.788464815204E-01  6.872558122033E-01  6.957683646139E-01  7.043854057647E-01
  7.131082182199E-01  7.219381002871E-01  7.308763662099E-01  7.399243463642E-01
  7.490833874553E-01  7.583548527194E-01  7.677401221255E-01  7.772405925815E-01
  7.868576781420E-01  7.965928102183E-01  8.064474377921E-01  8.164230276307E-01
  8.265210645055E-01  8.367430514132E-01  8.470905097988E-01  8.575649797831E-01
  8.681680203909E-01  8.789012097837E-01  8.897661454945E-01  9.007644446654E-01
  9.118977442882E-01  9.231677014486E-01  9.345759935721E-01  9.461243186744E-01
  9.578143956134E-01  9.696479643456E-01  9.816267861850E-01  9.937526440650E-01
  1.006027342804E+00  1.018452709373E+00  1.031030593171E+00  1.043762866295E+00
  1.056651423822E+00  1.069698184092E+00  1.082905088991E+00  1.096274104239E+00
  1.109807219689E+00  1.123506449614E+00  1.137373833015E+00  1.151411433920E+00
  1.165621341691E+00  1.180005671337E+00  1.194566563830E+00  1.209306186420E+00
  1.224226732957E+00  1.239330424224E+00  1.254619508261E+00  1.270096260702E+00
  1.285762985115E+00  1.301622013342E+00  1.317675705847E+00  1.333926452071E+00
  1.350376670782E+00  1.367028810437E+00  1.383885349550E+00  1.400948797055E+00
  1.418221692684E+00  1.435706607343E+00  1.453406143493E+00  1.471322935544E+00
  1.489459650238E+00  1.507818987052E+00  1.526403678599E+00  1.545216491032E+00
  1.564260224460E+00  1.583537713360E+00  1.603051827004E+00  1.622805469880E+00
  1.642801582131E+00  1.663043139987E+00  1.683533156210E+00  1.704274680544E+00
  1.725270800168E+00  1.746524640154E+00  1.768039363932E+00  1.789818173765E+00
  1.811864311221E+00  1.834181057657E+00  1.856771734709E+00  1.879639704782E+00
  1.902788371556E+00  1.926221180490E+00  1.949941619333E+00  1.973953218648E+00
  1.998259552331E+00  2.022864238148E+00  2.047770938273E+00  2.072983359831E+00
  2.098505255449E+00  2.124340423818E+00  2.150492710258E+00  2.176966007287E+00
  2.203764255202E+00  2.230891442667E+00  2.258351607305E+00  2.286148836301E+00
  2.314287267006E+00  2.342771087557E+00  2.371604537501E+00  2.400791908420E+00
  2.430337544577E+00  2.460245843558E+00  2.490521256928E+00  2.521168290894E+00
  2.552191506974E+00  2.583595522679E+00  2.615385012196E+00  2.647564707089E+00
  2.680139396998E+00  2.713113930354E+00  2.746493215103E+00  2.780282219434E+00
  2.814485972517E+00  2.849109565254E+00  2.884158151038E+00  2.919636946516E+00
  2.955551232368E+00  2.991906354095E+00  3.028707722808E+00  3.065960816041E+00
  3.103671178561E+00  3.141844423197E+00  3.180486231672E+00  3.219602355450E+00
  3.259198616594E+00  3.299280908630E+00  3.339855197424E+00  3.380927522073E+00
  3.422503995800E+00  3.464590806868E+00  3.507194219496E+00  3.550320574797E+00
  3.593976291718E+00  3.638167867995E+00  3.682901881123E+00  3.728184989334E+00
  3.774023932587E+00  3.820425533571E+00  3.867396698722E+00  3.914944419250E+00
  3.963075772180E+00  4.011797921406E+00  4.061118118753E+00  4.111043705064E+00
  4.161582111287E+00  4.212740859580E+00  4.264527564435E+00  4.316949933811E+00
  4.370015770277E+00  4.423732972176E+00  4.478109534803E+00  4.533153551589E+00
  4.588873215312E+00  4.645276819313E+00  4.702372758731E+00  4.760169531750E+00
  4.818675740871E+00  4.877900094185E+00  4.937851406671E+00  4.998538601511E+00
  5.059970711415E+00  5.122156879968E+00  5.185106362987E+00  5.248828529903E+00
  5.313332865153E+00  5.378628969592E+00  5.444726561922E+00  5.511635480141E+00
  5.579365683002E+00  5.647927251500E+00  5.717330390372E+00  5.787585429613E+00
  5.858702826014E+00  5.930693164724E+00  6.003567160817E+00  6.077335660893E+00
  6.152009644689E+00  6.227600226717E+00  6.304118657913E+00  6.381576327317E+00
  6.459984763763E+00  6.539355637601E+00  6.619700762428E+00  6.701032096850E+00
  6.783361746260E+00  6.866701964642E+00  6.951065156393E+00  7.036463878169E+00
  7.122910840756E+00  7.210418910960E+00  7.299001113522E+00  7.388670633060E+00
  7.479440816026E+00  7.571325172697E+00  7.664337379182E+00  7.758491279463E+00
  7.853800887448E+00  7.950280389065E+00  8.047944144368E+00  8.146806689675E+00
  8.246882739734E+00  8.348187189910E+00  8.450735118405E+00  8.554541788501E+00
  8.659622650830E+00  8.765993345677E+00  8.873669705306E+00  8.982667756315E+00
  9.093003722027E+00  9.204694024896E+00  9.317755288961E+00  9.432204342311E+00
  9.548058219598E+00  9.665334164566E+00  9.784049632622E+00  9.904222293431E+00
  1.002587003355E+01  1.014901095908E+01  1.027366339838E+01  1.039984590477E+01
  1.052757725932E+01  1.065687647362E+01  1.078776279262E+01  1.092025569751E+01
  1.105437490860E+01  1.119014038824E+01  1.132757234384E+01  1.146669123083E+01
  1.160751775573E+01  1.175007287923E+01  1.189437781930E+01  1.204045405435E+01
  1.218832332644E+01  1.233800764449E+01  1.248952928760E+01  1.264291080831E+01
  1.279817503600E+01  1.295534508028E+01  1.311444433439E+01  1.327549647876E+01
  1.343852548445E+01  1.360355561679E+01  1.377061143892E+01  1.393971781552E+01
  1.411089991646E+01  1.428418322056E+01  1.445959351940E+01  1.463715692111E+01
  1.481689985433E+01  1.499884907206E+01  1.518303165573E+01  1.536947501914E+01
  1.555820691262E+01  1.574925542712E+01  1.594264899837E+01  1.613841641117E+01
  1.633658680363E+01  1.653718967152E+01  1.674025487268E+01  1.694581263141E+01
  1.715389354303E+01  1.736452857840E+01  1.757774908854E+01  1.779358680929E+01
  1.801207386603E+01  1.823324277848E+01  1.845712646552E+01  1.868375825011E+01
  1.891317186422E+01  1.914540145389E+01  1.938048158427E+01  1.961844724480E+01
  1.985933385440E+01  2.010317726674E+01  2.035001377560E+01  2.059988012023E+01
  2.085281349086E+01  2.110885153420E+01  2.136803235908E+01  2.163039454210E+01
  2.189597713335E+01  2.216481966229E+01  2.243696214355E+01  2.271244508294E+01
  2.299130948349E+01  2.327359685149E+01  2.355934920273E+01  2.384860906873E+01
  2.414141950304E+01  2.443782408772E+01  2.473786693977E+01  2.504159271769E+01
  2.534904662818E+01  2.566027443282E+01  2.597532245489E+01  2.629423758631E+01
  2.661706729453E+01  2.694385962969E+01  2.727466323171E+01  2.760952733754E+01
  2.794850178853E+01  2.829163703778E+01  2.863898415771E+01  2.899059484761E+01
  2.934652144140E+01  2.970681691535E+01  3.007153489600E+01  3.044072966816E+01
  3.081445618293E+01  3.119277006596E+01  3.157572762565E+01  3.196338586159E+01
  3.235580247301E+01  3.275303586737E+01  3.315514516909E+01  3.356219022830E+01
  3.397423162977E+01  3.439133070193E+01  3.481354952602E+01  3.524095094527E+01
  3.567359857431E+01  3.611155680862E+01  3.655489083410E+01  3.700366663679E+01
  3.745795101270E+01  3.791781157772E+01  3.838331677772E+01  3.885453589869E+01
  3.933153907713E+01  3.981439731039E+01  4.030318246733E+01  4.079796729896E+01
  4.129882544927E+01  4.180583146624E+01  4.231906081287E+01  4.283858987846E+01
  4.336449598995E+01  4.389685742346E+01  4.443575341590E+01  4.498126417681E+01
  4.553347090027E+01  4.609245577698E+01  4.665830200651E+01  4.723109380967E+01
  4.781091644107E+01  4.839785620177E+01  4.899200045217E+01  4.959343762496E+01
  5.020225723833E+01  5.081854990929E+01  5.144240736712E+01  5.207392246705E+01
  5.271318920409E+01  5.336030272699E+01  5.401535935243E+01  5.467845657934E+01
  5.534969310343E+01  5.602916883185E+01  5.671698489809E+01  5.741324367700E+01
  5.811804880007E+01  5.883150517082E+01  5.955371898043E+01  6.028479772354E+01
  6.102485021425E+01  6.177398660231E+01  6.253231838954E+01  6.329995844639E+01
  6.407702102876E+01  6.486362179502E+01  6.565987782317E+01  6.646590762835E+01
  6.728183118041E+01  6.810776992177E+01  6.894384678556E+01  6.979018621384E+01
  7.064691417617E+01  7.151415818832E+01  7.239204733132E+01  7.328071227058E+01
  7.418028527540E+01  7.509090023866E+01  7.601269269670E+01  7.694579984955E+01
  7.789036058131E+01
 Pseudopotential follows (l on next line)
 0
 -5.350832130850E-04 -1.076734389581E-03 -1.625034144324E-03 -2.180064081385E-03
 -2.741906806191E-03 -3.310645937810E-03 -3.886366121376E-03 -4.469153040664E-03
 -5.059093430829E-03 -5.656275091293E-03 -6.260786898788E-03 -6.872718820566E-03
 -7.492161927764E-03 -8.119208408932E-03 -8.753951583732E-03 -9.396485916800E-03
 -1.004690703178E-02 -1.070531172551E-02 -1.137179798244E-02 -1.204646498913E-02
 -1.272941314903E-02 -1.342074409735E-02 -1.412056071617E-02 -1.482896714973E-02
 -1.554606881986E-02 -1.627197244166E-02 -1.700678603930E-02 -1.775061896210E-02
 -1.850358190076E-02 -1.926578690373E-02 -2.003734739390E-02 -2.081837818539E-02
 -2.160899550063E-02 -2.240931698754E-02 -2.321946173703E-02 -2.403955030066E-02
 -2.486970470848E-02 -2.571004848719E-02 -2.656070667840E-02 -2.742180585721E-02
 -2.829347415094E-02 -2.917584125816E-02 -3.006903846789E-02 -3.097319867904E-02
 -3.188845642017E-02 -3.281494786934E-02 -3.375281087434E-02 -3.470218497310E-02
 -3.566321141431E-02 -3.663603317843E-02 -3.762079499878E-02 -3.861764338298E-02
 -3.962672663467E-02 -4.064819487545E-02 -4.168220006705E-02 -4.272889603388E-02
 -4.378843851236E-02 -4.486098558113E-02 -4.594669615487E-02 -4.704573173066E-02
 -4.815825578522E-02 -4.928443379912E-02 -5.042443322682E-02 -5.157842360601E-02
 -5.274657662035E-02 -5.392906601019E-02 -5.512606764557E-02 -5.633775955241E-02
 -5.756432193913E-02 -5.880593722356E-02 -6.006279006022E-02 -6.133506735424E-02
 -6.262295787249E-02 -6.392665351411E-02 -6.524634814947E-02 -6.658223802666E-02
 -6.793452180108E-02 -6.930340056531E-02 -7.068907702664E-02 -7.209175794023E-02
 -7.351165188266E-02 -7.494896998422E-02 -7.640392596254E-02 -7.787673484787E-02
 -7.936761674503E-02 -8.087679332371E-02 -8.240448897637E-02 -8.395092978868E-02
 -8.551634578190E-02 -8.710097038963E-02 -8.870503920962E-02 -9.032878942259E-02
 -9.197246235204E-02 -9.363630340149E-02 -9.532055993746E-02 -9.702547992527E-02
 -9.875131808779E-02 -1.004983317211E-01 -1.022667798551E-01 -1.040569225350E-01
 -1.058690288785E-01 -1.077033682798E-01 -1.095602095802E-01 -1.114398308349E-01
 -1.133425126152E-01 -1.152685349105E-01 -1.172181830385E-01 -1.191917498625E-01
 -1.211895266671E-01 -1.232118066774E-01 -1.252588953900E-01 -1.273310953843E-01
 -1.294287087355E-01 -1.315520538067E-01 -1.337014442738E-01 -1.358771923969E-01
 -1.380796294891E-01 -1.403090798626E-01 -1.425658678093E-01 -1.448503374713E-01
 -1.471628229966E-01 -1.495036632163E-01 -1.518732147092E-01 -1.542718202188E-01
 -1.566998364697E-01 -1.591576317296E-01 -1.616455555328E-01 -1.641639869321E-01
 -1.667133035248E-01 -1.692938625629E-01 -1.719060677811E-01 -1.745502981259E-01
 -1.772269371194E-01 -1.799363987255E-01 -1.826790638996E-01 -1.854553501827E-01
 -1.882656760740E-01 -1.911104289852E-01 -1.939900613160E-01 -1.969049814394E-01
 -1.998556191915E-01 -2.028424325186E-01 -2.058658215725E-01 -2.089262721277E-01
 -2.120242213885E-01 -2.151601160491E-01 -2.183344517913E-01 -2.215476468692E-01
 -2.248002206538E-01 -2.280926362071E-01 -2.314253658086E-01 -2.347989427213E-01
 -2.382137960091E-01 -2.416704942490E-01 -2.451695141517E-01 -2.487113687218E-01
 -2.522966193860E-01 -2.559257139450E-01 -2.595992746724E-01 -2.633177771708E-01
 -2.670817999844E-01 -2.708919072812E-01 -2.747486023062E-01 -2.786525428188E-01
 -2.826041867613E-01 -2.866042174334E-01 -2.906531656369E-01 -2.947516299175E-01
 -2.989002606503E-01 -3.030995571383E-01 -3.073502765272E-01 -3.116528887769E-01
 -3.160081501609E-01 -3.204166296264E-01 -3.248789747258E-01 -3.293959018992E-01
 -3.339679314644E-01 -3.385959239773E-01 -3.432803224389E-01 -3.480220225444E-01
 -3.528215728275E-01 -3.576797342652E-01 -3.625972332058E-01 -3.675746725584E-01
 -3.726129818068E-01 -3.777125795360E-01 -3.828745506617E-01 -3.880993282027E-01
 -3.933879146771E-01 -3.987409246082E-01 -4.041591720381E-01 -4.096435099388E-01
 -4.151945312522E-01 -4.208133625340E-01 -4.265003388339E-01 -4.322568083548E-01
 -4.380830811647E-01 -4.439804301809E-01 -4.499493862338E-01 -4.559909714833E-01
 -4.621060252384E-01 -4.682952741867E-01 -4.745599140179E-01 -4.809003253270E-01
 -4.873181142973E-01 -4.938132581652E-01 -5.003876445536E-01 -5.070413530587E-01
 -5.137760038430E-01 -5.205920380562E-01 -5.274907064094E-01 -5.344728891729E-01
 -5.415394000170E-01 -5.486916303024E-01 -5.559298798262E-01 -5.632561327143E-01
 -5.706700876258E-01 -5.781743068431E-01 -5.857681105592E-01 -5.934541927100E-01
 -6.012321792762E-01 -6.091042691884E-01 -6.170706654340E-01 -6.251329739078E-01
 -6.332920784644E-01 -6.415488799059E-01 -6.499050615134E-01 -6.583606910583E-01
 -6.669183864468E-01 -6.755772365114E-01 -6.843409478073E-01 -6.932074639959E-01
 -7.021814233800E-01 -7.112604318813E-01 -7.204489910817E-01 -7.297452998203E-01
 -7.391530316914E-01 -7.486713178120E-01 -7.583028295266E-01 -7.680478134947E-01
 -7.779077386268E-01 -7.878841774608E-01 -7.979771668872E-01 -8.081898463593E-01
 -8.185205578440E-01 -8.289742835318E-01 -8.395473698403E-01 -8.502469568954E-01
 -8.610670522715E-01 -8.720170793003E-01 -8.830890185797E-01 -8.942933922414E-01
 -9.056226156319E-01 -9.170858983642E-01 -9.286770890788E-01 -9.404037665116E-01
 -9.522615442517E-01 -9.642560022308E-01 -9.763849021117E-01 -9.886514008556E-01
 -1.001055849715E+00 -1.013598494802E+00 -1.026282784616E+00 -1.039105494462E+00
 -1.052073752555E+00 -1.065180222025E+00 -1.078436377755E+00 -1.091830037501E+00
 -1.105377785049E+00 -1.119061756148E+00 -1.132904513014E+00 -1.146881556446E+00
 -1.161021939358E+00 -1.175294877679E+00 -1.189733284278E+00 -1.204306306133E+00
 -1.219044503013E+00 -1.233919448811E+00 -1.248958634058E+00 -1.264136793515E+00
 -1.279477517725E+00 -1.294959554067E+00 -1.310601633069E+00 -1.326387499330E+00
 -1.342329917915E+00 -1.358418764667E+00 -1.374659570556E+00 -1.391049644354E+00
 -1.407585831655E+00 -1.424274363450E+00 -1.441101744779E+00 -1.458084827528E+00
 -1.475197893997E+00 -1.492470348670E+00 -1.509862116915E+00 -1.527417346109E+00
 -1.545079191545E+00 -1.562909019885E+00 -1.580830495410E+00 -1.598924995970E+00
 -1.617093635389E+00 -1.635440941372E+00 -1.653842046899E+00 -1.672428147892E+00
 -1.691044561208E+00 -1.709850136456E+00 -1.728664939916E+00 -1.747663701448E+00
 -1.766661376037E+00 -1.785829711541E+00 -1.804985961520E+00 -1.824296926378E+00
 -1.843584121712E+00 -1.863007137559E+00 -1.882394017989E+00 -1.901894556122E+00
 -1.921345920788E+00 -1.940885172130E+00 -1.960361556419E+00 -1.979896090484E+00
 -1.999353432543E+00 -2.018834848752E+00 -2.038224148920E+00 -2.057598724702E+00
 -2.076865702195E+00 -2.096074043587E+00 -2.115158795975E+00 -2.134135497953E+00
 -2.152972170434E+00 -2.171645495981E+00 -2.190161969129E+00 -2.208453558080E+00
 -2.226571164727E+00 -2.244395785793E+00 -2.262029069879E+00 -2.279294431878E+00
 -2.296350964697E+00 -2.312957606010E+00 -2.329337878033E+00 -2.345179156545E+00
 -2.360776566167E+00 -2.375738775533E+00 -2.390439739435E+00 -2.404402381288E+00
 -2.418086594749E+00 -2.430922840415E+00 -2.443463719670E+00 -2.455041098968E+00
 -2.466306441562E+00 -2.476487800167E+00 -2.486340703010E+00 -2.494985473438E+00
 -2.503285551768E+00 -2.510251386027E+00 -2.516856339459E+00 -2.522001153445E+00
 -2.526768727371E+00 -2.529953207682E+00 -2.532743599145E+00 -2.533834221604E+00
 -2.534512977758E+00 -2.533385582854E+00 -2.531804290563E+00 -2.528370999547E+00
 -2.524406638483E+00 -2.518585301239E+00 -2.512145661350E+00 -2.503864470023E+00
 -2.494881987280E+00 -2.484096895844E+00 -2.472534824067E+00 -2.459235794474E+00
 -2.445094934302E+00 -2.429312653290E+00 -2.412638537096E+00 -2.394451475849E+00
 -2.375341850418E+00 -2.354883478154E+00 -2.333495856429E+00 -2.310961744300E+00
 -2.287520711955E+00 -2.263175173943E+00 -2.237979034629E+00 -2.212160846526E+00
 -2.185587070554E+00 -2.158713685984E+00 -2.131222490942E+00 -2.103792035420E+00
 -2.075927274964E+00 -2.048517447231E+00 -2.020903819758E+00 -1.994166669099E+00
 -1.967502088136E+00 -1.942153476228E+00 -1.917195282332E+00 -1.893997694828E+00
 -1.871541256804E+00 -1.851278530639E+00 -1.832126719199E+00 -1.815569241575E+00
 -1.800491321348E+00 -1.788350407229E+00 -1.778029178984E+00 -1.770899758217E+00
 -1.765866440402E+00 -1.764158055156E+00 -1.764715646710E+00 -1.768573330798E+00
 -1.774711375510E+00 -1.783930630020E+00 -1.795237877985E+00 -1.809182194610E+00
 -1.824769285073E+00 -1.842305217510E+00 -1.860758085069E+00 -1.880232701903E+00
 -1.899630142508E+00 -1.918930118518E+00 -1.936977463181E+00 -1.953729829192E+00
 -1.968087121996E+00 -1.980091117995E+00 -1.989011426645E+00 -1.995032027435E+00
 -1.998477270220E+00 -1.999587784430E+00 -2.000117926415E+00 -2.000103110220E+00
 -2.000000000000E+00 -2.000000000000E+00 -2.000000000000E+00 -2.000000000000E+00
 -2.000000000000E+00 -2.000000000000E+00 -2.000000000000E+00 -2.000000000000E+00
 -2.000000000000E+00 -2.000000000000E+00 -2.000000000000E+00 -2.000000000000E+00
 -2.000000000000E+00 -2.000000000000E+00 -2.000000000000E+00 -2.000000000000E+00
 -2.000000000000E+00 -2.000000000000E+00 -2.000000000000E+00 -2.000000000000E+00
 -2.000000000000E+00 -2.000000000000E+00 -2.000000000000E+00 -2.000000000000E+00
 -2.000000000000E+00 -2.000000000000E+00 -2.000000000000E+00 -2.000000000000E+00
 -2.000000000000E+00 -2.000000000000E+00 -2.000000000000E+00 -2.000000000000E+00
 -2.000000000000E+00 -2.000000000000E+00 -2.000000000000E+00 -2.000000000000E+00
 -2.000000000000E+00 -2.000000000000E+00 -2.000000000000E+00 -2.000000000000E+00
 -2.000000000000E+00 -2.000000000000E+00 -2.000000000000E+00 -2.000000000000E+00
 -2.000000000000E+00 -2.000000000000E+00 -2.000000000000E+00 -2.000000000000E+00
 -2.000000000000E+00 -2.000000000000E+00 -2.000000000000E+00 -2.000000000000E+00
 -2.000000000000E+00 -2.000000000000E+00 -2.000000000000E+00 -2.000000000000E+00
 -2.000000000000E+00 -2.000000000000E+00 -2.000000000000E+00 -2.000000000000E+00
 -2.000000000000E+00 -2.000000000000E+00 -2.000000000000E+00 -2.000000000000E+00
 -2.000000000000E+00 -2.000000000000E+00 -2.000000000000E+00 -2.000000000000E+00
 -2.000000000000E+00 -2.000000000000E+00 -2.000000000000E+00 -2.000000000000E+00
 -2.000000000000E+00 -2.000000000000E+00 -2.000000000000E+00 -2.000000000000E+00
 -2.000000000000E+00 -2.000000000000E+00 -2.000000000000E+00 -2.000000000000E+00
 -2.000000000000E+00 -2.000000000000E+00 -2.000000000000E+00 -2.000000000000E+00
 -2.000000000000E+00 -2.000000000000E+00 -2.000000000000E+00 -2.000000000000E+00
 -2.000000000000E+00 -2.000000000000E+00 -2.000000000000E+00 -2.000000000000E+00
 -2.000000000000E+00 -2.000000000000E+00 -2.000000000000E+00 -2.000000000000E+00
 -2.000000000000E+00 -2.000000000000E+00 -2.000000000000E+00 -2.000000000000E+00
 -2.000000000000E+00 -2.000000000000E+00 -2.000000000000E+00 -2.000000000000E+00
 -2.000000000000E+00 -2.000000000000E+00 -2.000000000000E+00 -2.000000000000E+00
 -2.000000000000E+00 -2.000000000000E+00 -2.000000000000E+00 -2.000000000000E+00
 -2.000000000000E+00 -2.000000000000E+00 -2.000000000000E+00 -2.000000000000E+00
 -2.000000000000E+00 -2.000000000000E+00 -2.000000000000E+00 -2.000000000000E+00
 -2.000000000000E+00 -2.000000000000E+00 -2.000000000000E+00 -2.000000000000E+00
 -2.000000000000E+00 -2.000000000000E+00 -2.000000000000E+00 -2.000000000000E+00
 -2.000000000000E+00 -2.000000000000E+00 -2.000000000000E+00 -2.000000000000E+00
 -2.000000000000E+00 -2.000000000000E+00 -2.000000000000E+00 -2.000000000000E+00
 -2.000000000000E+00 -2.000000000000E+00 -2.000000000000E+00 -2.000000000000E+00
 -2.000000000000E+00 -2.000000000000E+00 -2.000000000000E+00 -2.000000000000E+00
 -2.000000000000E+00 -2.000000000000E+00 -2.000000000000E+00 -2.000000000000E+00
 -2.000000000000E+00 -2.000000000000E+00 -2.000000000000E+00 -2.000000000000E+00
 -2.000000000000E+00 -2.000000000000E+00 -2.000000000000E+00 -2.000000000000E+00
 -2.000000000000E+00 -2.000000000000E+00 -2.000000000000E+00 -2.000000000000E+00
 -2.000000000000E+00 -2.000000000000E+00 -2.000000000000E+00 -2.000000000000E+00
 -2.000000000000E+00 -2.000000000000E+00 -2.000000000000E+00 -2.000000000000E+00
 -2.000000000000E+00 -2.000000000000E+00 -2.000000000000E+00 -2.000000000000E+00
 -2.000000000000E+00 -2.000000000000E+00 -2.000000000000E+00 -2.000000000000E+00
 -2.000000000000E+00 -2.000000000000E+00 -2.000000000000E+00 -2.000000000000E+00
 -2.000000000000E+00 -2.000000000000E+00 -2.000000000000E+00 -2.000000000000E+00
 -2.000000000000E+00 -2.000000000000E+00 -2.000000000000E+00 -2.000000000000E+00
 -2.000000000000E+00 -2.000000000000E+00 -2.000000000000E+00 -2.000000000000E+00
 -2.000000000000E+00 -2.000000000000E+00 -2.000000000000E+00 -2.000000000000E+00
 -2.000000000000E+00 -2.000000000000E+00 -2.000000000000E+00 -2.000000000000E+00
 -2.000000000000E+00 -2.000000000000E+00 -2.000000000000E+00 -2.000000000000E+00
 -2.000000000000E+00 -2.000000000000E+00 -2.000000000000E+00 -2.000000000000E+00
 -2.000000000000E+00 -2.000000000000E+00 -2.000000000000E+00 -2.000000000000E+00
 -2.000000000000E+00 -2.000000000000E+00 -2.000000000000E+00 -2.000000000000E+00
 -2.000000000000E+00 -2.000000000000E+00 -2.000000000000E+00 -2.000000000000E+00
 -2.000000000000E+00 -2.000000000000E+00 -2.000000000000E+00 -2.000000000000E+00
 -2.000000000000E+00 -2.000000000000E+00 -2.000000000000E+00 -2.000000000000E+00
 -2.000000000000E+00 -2.000000000000E+00 -2.000000000000E+00 -2.000000000000E+00
 -2.000000000000E+00 -2.000000000000E+00 -2.000000000000E+00 -2.000000000000E+00
 -2.000000000000E+00 -2.000000000000E+00 -2.000000000000E+00 -2.000000000000E+00
 -2.000000000000E+00 -2.000000000000E+00 -2.000000000000E+00 -2.000000000000E+00
 -2.000000000000E+00 -2.000000000000E+00 -2.000000000000E+00 -2.000000000000E+00
 -2.000000000000E+00 -2.000000000000E+00 -2.000000000000E+00 -2.000000000000E+00
 -2.000000000000E+00 -2.000000000000E+00 -2.000000000000E+00 -2.000000000000E+00
 -2.000000000000E+00 -2.000000000000E+00 -2.000000000000E+00 -2.000000000000E+00
 -2.000000000000E+00 -2.000000000000E+00 -2.000000000000E+00 -2.000000000000E+00
 -2.000000000000E+00 -2.000000000000E+00 -2.000000000000E+00 -2.000000000000E+00
 -2.000000000000E+00 -2.000000000000E+00 -2.000000000000E+00 -2.000000000000E+00
 -2.000000000000E+00 -2.000000000000E+00 -2.000000000000E+00 -2.000000000000E+00
 -2.000000000000E+00 -2.000000000000E+00 -2.000000000000E+00 -2.000000000000E+00
 -2.000000000000E+00 -2.000000000000E+00 -2.000000000000E+00 -2.000000000000E+00
 -2.000000000000E+00 -2.000000000000E+00 -2.000000000000E+00 -2.000000000000E+00
 -2.000000000000E+00 -2.000000000000E+00 -2.000000000000E+00 -2.000000000000E+00
 -2.000000000000E+00 -2.000000000000E+00 -2.000000000000E+00 -2.000000000000E+00
 -2.000000000000E+00 -2.000000000000E+00 -2.000000000000E+00 -2.000000000000E+00
 -2.000000000000E+00 -2.000000000000E+00 -2.000000000000E+00 -2.000000000000E+00
 -2.000000000000E+00 -2.000000000000E+00 -2.000000000000E+00 -2.000000000000E+00
 -2.000000000000E+00 -2.000000000000E+00 -2.000000000000E+00 -2.000000000000E+00
 -2.000000000000E+00 -2.000000000000E+00 -2.000000000000E+00 -2.000000000000E+00
 -2.000000000000E+00 -2.000000000000E+00 -2.000000000000E+00 -2.000000000000E+00
 -2.000000000000E+00 -2.000000000000E+00 -2.000000000000E+00 -2.000000000000E+00
 -2.000000000000E+00 -2.000000000000E+00 -2.000000000000E+00 -2.000000000000E+00
 -2.000000000000E+00 -2.000000000000E+00 -2.000000000000E+00 -2.000000000000E+00
 -2.000000000000E+00 -2.000000000000E+00 -2.000000000000E+00 -2.000000000000E+00
 -2.000000000000E+00 -2.000000000000E+00 -2.000000000000E+00 -2.000000000000E+00
 -2.000000000000E+00 -2.000000000000E+00 -2.000000000000E+00 -2.000000000000E+00
 -2.000000000000E+00
 Core charge follows
  0.000000000000E+00  0.000000000000E+00  0.000000000000E+00  0.000000000000E+00
  0.000000000000E+00  0.000000000000E+00  0.000000000000E+00  0.000000000000E+00
  0.000000000000E+00  0.000000000000E+00  0.000000000000E+00  0.000000000000E+00
  0.000000000000E+00  0.000000000000E+00  0.000000000000E+00  0.000000000000E+00
  0.000000000000E+00  0.000000000000E+00  0.000000000000E+00  0.000000000000E+00
  0.000000000000E+00  0.000000000000E+00  0.000000000000E+00  0.000000000000E+00
  0.000000000000E+00  0.000000000000E+00  0.000000000000E+00  0.000000000000E+00
  0.000000000000E+00  0.000000000000E+00  0.000000000000E+00  0.000000000000E+00
  0.000000000000E+00  0.000000000000E+00  0.000000000000E+00  0.000000000000E+00
  0.000000000000E+00  0.000000000000E+00  0.000000000000E+00  0.000000000000E+00
  0.000000000000E+00  0.000000000000E+00  0.000000000000E+00  0.000000000000E+00
  0.000000000000E+00  0.000000000000E+00  0.000000000000E+00  0.000000000000E+00
  0.000000000000E+00  0.000000000000E+00  0.000000000000E+00  0.000000000000E+00
  0.000000000000E+00  0.000000000000E+00  0.000000000000E+00  0.000000000000E+00
  0.000000000000E+00  0.000000000000E+00  0.000000000000E+00  0.000000000000E+00
  0.000000000000E+00  0.000000000000E+00  0.000000000000E+00  0.000000000000E+00
  0.000000000000E+00  0.000000000000E+00  0.000000000000E+00  0.000000000000E+00
  0.000000000000E+00  0.000000000000E+00  0.000000000000E+00  0.000000000000E+00
  0.000000000000E+00  0.000000000000E+00  0.000000000000E+00  0.000000000000E+00
  0.000000000000E+00  0.000000000000E+00  0.000000000000E+00  0.000000000000E+00
  0.000000000000E+00  0.000000000000E+00  0.000000000000E+00  0.000000000000E+00
  0.000000000000E+00  0.000000000000E+00  0.000000000000E+00  0.000000000000E+00
  0.000000000000E+00  0.000000000000E+00  0.000000000000E+00  0.000000000000E+00
  0.000000000000E+00  0.000000000000E+00  0.000000000000E+00  0.000000000000E+00
  0.000000000000E+00  0.000000000000E+00  0.000000000000E+00  0.000000000000E+00
  0.000000000000E+00  0.000000000000E+00  0.000000000000E+00  0.000000000000E+00
  0.000000000000E+00  0.000000000000E+00  0.000000000000E+00  0.000000000000E+00
  0.000000000000E+00  0.000000000000E+00  0.000000000000E+00  0.000000000000E+00
  0.000000000000E+00  0.000000000000E+00  0.000000000000E+00  0.000000000000E+00
  0.000000000000E+00  0.000000000000E+00  0.000000000000E+00  0.000000000000E+00
  0.000000000000E+00  0.000000000000E+00  0.000000000000E+00  0.000000000000E+00
  0.000000000000E+00  0.000000000000E+00  0.000000000000E+00  0.000000000000E+00
  0.000000000000E+00  0.000000000000E+00  0.000000000000E+00  0.000000000000E+00
  0.000000000000E+00  0.000000000000E+00  0.000000000000E+00  0.000000000000E+00
  0.000000000000E+00  0.000000000000E+00  0.000000000000E+00  0.000000000000E+00
  0.000000000000E+00  0.000000000000E+00  0.000000000000E+00  0.000000000000E+00
  0.000000000000E+00  0.000000000000E+00  0.000000000000E+00  0.000000000000E+00
  0.000000000000E+00  0.000000000000E+00  0.000000000000E+00  0.000000000000E+00
  0.000000000000E+00  0.000000000000E+00  0.000000000000E+00  0.000000000000E+00
  0.000000000000E+00  0.000000000000E+00  0.000000000000E+00  0.000000000000E+00
  0.000000000000E+00  0.000000000000E+00  0.000000000000E+00  0.000000000000E+00
  0.000000000000E+00  0.000000000000E+00  0.000000000000E+00  0.000000000000E+00
  0.000000000000E+00  0.000000000000E+00  0.000000000000E+00  0.000000000000E+00
  0.000000000000E+00  0.000000000000E+00  0.000000000000E+00  0.000000000000E+00
  0.000000000000E+00  0.000000000000E+00  0.000000000000E+00  0.000000000000E+00
  0.000000000000E+00  0.000000000000E+00  0.000000000000E+00  0.000000000000E+00
  0.000000000000E+00  0.000000000000E+00  0.000000000000E+00  0.000000000000E+00
  0.000000000000E+00  0.000000000000E+00  0.000000000000E+00  0.000000000000E+00
  0.000000000000E+00  0.000000000000E+00  0.000000000000E+00  0.000000000000E+00
  0.000000000000E+00  0.000000000000E+00  0.000000000000E+00  0.000000000000E+00
  0.000000000000E+00  0.000000000000E+00  0.000000000000E+00  0.000000000000E+00
  0.000000000000E+00  0.000000000000E+00  0.000000000000E+00  0.000000000000E+00
  0.000000000000E+00  0.000000000000E+00  0.000000000000E+00  0.000000000000E+00
  0.000000000000E+00  0.000000000000E+00  0.000000000000E+00  0.000000000000E+00
  0.000000000000E+00  0.000000000000E+00  0.000000000000E+00  0.000000000000E+00
  0.000000000000E+00  0.000000000000E+00  0.000000000000E+00  0.000000000000E+00
  0.000000000000E+00  0.000000000000E+00  0.000000000000E+00  0.000000000000E+00
  0.000000000000E+00  0.000000000000E+00  0.000000000000E+00  0.000000000000E+00
  0.000000000000E+00  0.000000000000E+00  0.000000000000E+00  0.000000000000E+00
  0.000000000000E+00  0.000000000000E+00  0.000000000000E+00  0.000000000000E+00
  0.000000000000E+00  0.000000000000E+00  0.000000000000E+00  0.000000000000E+00
  0.000000000000E+00  0.000000000000E+00  0.000000000000E+00  0.000000000000E+00
  0.000000000000E+00  0.000000000000E+00  0.000000000000E+00  0.000000000000E+00
  0.000000000000E+00  0.000000000000E+00  0.000000000000E+00  0.000000000000E+00
  0.000000000000E+00  0.000000000000E+00  0.000000000000E+00  0.000000000000E+00
  0.000000000000E+00  0.000000000000E+00  0.000000000000E+00  0.000000000000E+00
  0.000000000000E+00  0.000000000000E+00  0.000000000000E+00  0.000000000000E+00
  0.000000000000E+00  0.000000000000E+00  0.000000000000E+00  0.000000000000E+00
  0.000000000000E+00  0.000000000000E+00  0.000000000000E+00  0.000000000000E+00
  0.000000000000E+00  0.000000000000E+00  0.000000000000E+00  0.000000000000E+00
  0.000000000000E+00  0.000000000000E+00  0.000000000000E+00  0.000000000000E+00
  0.000000000000E+00  0.000000000000E+00  0.000000000000E+00  0.000000000000E+00
  0.000000000000E+00  0.000000000000E+00  0.000000000000E+00  0.000000000000E+00
  0.000000000000E+00  0.000000000000E+00  0.000000000000E+00  0.000000000000E+00
  0.000000000000E+00  0.000000000000E+00  0.000000000000E+00  0.000000000000E+00
  0.000000000000E+00  0.000000000000E+00  0.000000000000E+00  0.000000000000E+00
  0.000000000000E+00  0.000000000000E+00  0.000000000000E+00  0.000000000000E+00
  0.000000000000E+00  0.000000000000E+00  0.000000000000E+00  0.000000000000E+00
  0.000000000000E+00  0.000000000000E+00  0.000000000000E+00  0.000000000000E+00
  0.000000000000E+00  0.000000000000E+00  0.000000000000E+00  0.000000000000E+00
  0.000000000000E+00  0.000000000000E+00  0.000000000000E+00  0.000000000000E+00
  0.000000000000E+00  0.000000000000E+00  0.000000000000E+00  0.000000000000E+00
  0.000000000000E+00  0.000000000000E+00  0.000000000000E+00  0.000000000000E+00
  0.000000000000E+00  0.000000000000E+00  0.000000000000E+00  0.000000000000E+00
  0.000000000000E+00  0.000000000000E+00  0.000000000000E+00  0.000000000000E+00
  0.000000000000E+00  0.000000000000E+00  0.000000000000E+00  0.000000000000E+00
  0.000000000000E+00  0.000000000000E+00  0.000000000000E+00  0.000000000000E+00
  0.000000000000E+00  0.000000000000E+00  0.000000000000E+00  0.000000000000E+00
  0.000000000000E+00  0.000000000000E+00  0.000000000000E+00  0.000000000000E+00
  0.000000000000E+00  0.000000000000E+00  0.000000000000E+00  0.000000000000E+00
  0.000000000000E+00  0.000000000000E+00  0.000000000000E+00  0.000000000000E+00
  0.000000000000E+00  0.000000000000E+00  0.000000000000E+00  0.000000000000E+00
  0.000000000000E+00  0.000000000000E+00  0.000000000000E+00  0.000000000000E+00
  0.000000000000E+00  0.000000000000E+00  0.000000000000E+00  0.000000000000E+00
  0.000000000000E+00  0.000000000000E+00  0.000000000000E+00  0.000000000000E+00
  0.000000000000E+00  0.000000000000E+00  0.000000000000E+00  0.000000000000E+00
  0.000000000000E+00  0.000000000000E+00  0.000000000000E+00  0.000000000000E+00
  0.000000000000E+00  0.000000000000E+00  0.000000000000E+00  0.000000000000E+00
  0.000000000000E+00  0.000000000000E+00  0.000000000000E+00  0.000000000000E+00
  0.000000000000E+00  0.000000000000E+00  0.000000000000E+00  0.000000000000E+00
  0.000000000000E+00  0.000000000000E+00  0.000000000000E+00  0.000000000000E+00
  0.000000000000E+00  0.000000000000E+00  0.000000000000E+00  0.000000000000E+00
  0.000000000000E+00  0.000000000000E+00  0.000000000000E+00  0.000000000000E+00
  0.000000000000E+00  0.000000000000E+00  0.000000000000E+00  0.000000000000E+00
  0.000000000000E+00  0.000000000000E+00  0.000000000000E+00  0.000000000000E+00
  0.000000000000E+00  0.000000000000E+00  0.000000000000E+00  0.000000000000E+00
  0.000000000000E+00  0.000000000000E+00  0.000000000000E+00  0.000000000000E+00
  0.000000000000E+00  0.000000000000E+00  0.000000000000E+00  0.000000000000E+00
  0.000000000000E+00  0.000000000000E+00  0.000000000000E+00  0.000000000000E+00
  0.000000000000E+00  0.000000000000E+00  0.000000000000E+00  0.000000000000E+00
  0.000000000000E+00  0.000000000000E+00  0.000000000000E+00  0.000000000000E+00
  0.000000000000E+00  0.000000000000E+00  0.000000000000E+00  0.000000000000E+00
  0.000000000000E+00  0.000000000000E+00  0.000000000000E+00  0.000000000000E+00
  0.000000000000E+00  0.000000000000E+00  0.000000000000E+00  0.000000000000E+00
  0.000000000000E+00  0.000000000000E+00  0.000000000000E+00  0.000000000000E+00
  0.000000000000E+00  0.000000000000E+00  0.000000000000E+00  0.000000000000E+00
  0.000000000000E+00  0.000000000000E+00  0.000000000000E+00  0.000000000000E+00
  0.000000000000E+00  0.000000000000E+00  0.000000000000E+00  0.000000000000E+00
  0.000000000000E+00  0.000000000000E+00  0.000000000000E+00  0.000000000000E+00
  0.000000000000E+00  0.000000000000E+00  0.000000000000E+00  0.000000000000E+00
  0.000000000000E+00  0.000000000000E+00  0.000000000000E+00  0.000000000000E+00
  0.000000000000E+00  0.000000000000E+00  0.000000000000E+00  0.000000000000E+00
  0.000000000000E+00  0.000000000000E+00  0.000000000000E+00  0.000000000000E+00
  0.000000000000E+00  0.000000000000E+00  0.000000000000E+00  0.000000000000E+00
  0.000000000000E+00  0.000000000000E+00  0.000000000000E+00  0.000000000000E+00
  0.000000000000E+00  0.000000000000E+00  0.000000000000E+00  0.000000000000E+00
  0.000000000000E+00  0.000000000000E+00  0.000000000000E+00  0.000000000000E+00
  0.000000000000E+00  0.000000000000E+00  0.000000000000E+00  0.000000000000E+00
  0.000000000000E+00  0.000000000000E+00  0.000000000000E+00  0.000000000000E+00
  0.000000000000E+00  0.000000000000E+00  0.000000000000E+00  0.000000000000E+00
  0.000000000000E+00  0.000000000000E+00  0.000000000000E+00  0.000000000000E+00
  0.000000000000E+00  0.000000000000E+00  0.000000000000E+00  0.000000000000E+00
  0.000000000000E+00  0.000000000000E+00  0.000000000000E+00  0.000000000000E+00
  0.000000000000E+00  0.000000000000E+00  0.000000000000E+00  0.000000000000E+00
  0.000000000000E+00  0.000000000000E+00  0.000000000000E+00  0.000000000000E+00
  0.000000000000E+00  0.000000000000E+00  0.000000000000E+00  0.000000000000E+00
  0.000000000000E+00  0.000000000000E+00  0.000000000000E+00  0.000000000000E+00
  0.000000000000E+00  0.000000000000E+00  0.000000000000E+00  0.000000000000E+00
  0.000000000000E+00  0.000000000000E+00  0.000000000000E+00  0.000000000000E+00
  0.000000000000E+00  0.000000000000E+00  0.000000000000E+00  0.000000000000E+00
  0.000000000000E+00  0.000000000000E+00  0.000000000000E+00  0.000000000000E+00
  0.000000000000E+00  0.000000000000E+00  0.000000000000E+00  0.000000000000E+00
  0.000000000000E+00  0.000000000000E+00  0.000000000000E+00  0.000000000000E+00
  0.000000000000E+00  0.000000000000E+00  0.000000000000E+00  0.000000000000E+00
  0.000000000000E+00  0.000000000000E+00  0.000000000000E+00  0.000000000000E+00
  0.000000000000E+00  0.000000000000E+00  0.000000000000E+00  0.000000000000E+00
  0.000000000000E+00  0.000000000000E+00  0.000000000000E+00  0.000000000000E+00
  0.000000000000E+00  0.000000000000E+00  0.000000000000E+00  0.000000000000E+00
  0.000000000000E+00  0.000000000000E+00  0.000000000000E+00  0.000000000000E+00
  0.000000000000E+00  0.000000000000E+00  0.000000000000E+00  0.000000000000E+00
  0.000000000000E+00  0.000000000000E+00  0.000000000000E+00  0.000000000000E+00
  0.000000000000E+00  0.000000000000E+00  0.000000000000E+00  0.000000000000E+00
  0.000000000000E+00  0.000000000000E+00  0.000000000000E+00  0.000000000000E+00
  0.000000000000E+00  0.000000000000E+00  0.000000000000E+00  0.000000000000E+00
  0.000000000000E+00  0.000000000000E+00  0.000000000000E+00  0.000000000000E+00
  0.000000000000E+00  0.000000000000E+00  0.000000000000E+00  0.000000000000E+00
  0.000000000000E+00  0.000000000000E+00  0.000000000000E+00  0.000000000000E+00
  0.000000000000E+00  0.000000000000E+00  0.000000000000E+00  0.000000000000E+00
  0.000000000000E+00  0.000000000000E+00  0.000000000000E+00  0.000000000000E+00
  0.000000000000E+00  0.000000000000E+00  0.000000000000E+00  0.000000000000E+00
  0.000000000000E+00  0.000000000000E+00  0.000000000000E+00  0.000000000000E+00
  0.000000000000E+00  0.000000000000E+00  0.000000000000E+00  0.000000000000E+00
  0.000000000000E+00  0.000000000000E+00  0.000000000000E+00  0.000000000000E+00
  0.000000000000E+00  0.000000000000E+00  0.000000000000E+00  0.000000000000E+00
  0.000000000000E+00  0.000000000000E+00  0.000000000000E+00  0.000000000000E+00
  0.000000000000E+00  0.000000000000E+00  0.000000000000E+00  0.000000000000E+00
  0.000000000000E+00  0.000000000000E+00  0.000000000000E+00  0.000000000000E+00
  0.000000000000E+00  0.000000000000E+00  0.000000000000E+00  0.000000000000E+00
  0.000000000000E+00  0.000000000000E+00  0.000000000000E+00  0.000000000000E+00
  0.000000000000E+00  0.000000000000E+00  0.000000000000E+00  0.000000000000E+00
  0.000000000000E+00  0.000000000000E+00  0.000000000000E+00  0.000000000000E+00
  0.000000000000E+00  0.000000000000E+00  0.000000000000E+00  0.000000000000E+00
  0.000000000000E+00  0.000000000000E+00  0.000000000000E+00  0.000000000000E+00
  0.000000000000E+00  0.000000000000E+00  0.000000000000E+00  0.000000000000E+00
  0.000000000000E+00  0.000000000000E+00  0.000000000000E+00  0.000000000000E+00
  0.000000000000E+00  0.000000000000E+00  0.000000000000E+00  0.000000000000E+00
  0.000000000000E+00  0.000000000000E+00  0.000000000000E+00  0.000000000000E+00
  0.000000000000E+00  0.000000000000E+00  0.000000000000E+00  0.000000000000E+00
  0.000000000000E+00  0.000000000000E+00  0.000000000000E+00  0.000000000000E+00
  0.000000000000E+00  0.000000000000E+00  0.000000000000E+00  0.000000000000E+00
  0.000000000000E+00  0.000000000000E+00  0.000000000000E+00  0.000000000000E+00
  0.000000000000E+00  0.000000000000E+00  0.000000000000E+00  0.000000000000E+00
  0.000000000000E+00  0.000000000000E+00  0.000000000000E+00  0.000000000000E+00
  0.000000000000E+00  0.000000000000E+00  0.000000000000E+00  0.000000000000E+00
  0.000000000000E+00  0.000000000000E+00  0.000000000000E+00  0.000000000000E+00
  0.000000000000E+00  0.000000000000E+00  0.000000000000E+00  0.000000000000E+00
  0.000000000000E+00  0.000000000000E+00  0.000000000000E+00  0.000000000000E+00
  0.000000000000E+00  0.000000000000E+00  0.000000000000E+00  0.000000000000E+00
  0.000000000000E+00  0.000000000000E+00  0.000000000000E+00  0.000000000000E+00
  0.000000000000E+00  0.000000000000E+00  0.000000000000E+00  0.000000000000E+00
  0.000000000000E+00  0.000000000000E+00  0.000000000000E+00  0.000000000000E+00
  0.000000000000E+00  0.000000000000E+00  0.000000000000E+00  0.000000000000E+00
  0.000000000000E+00  0.000000000000E+00  0.000000000000E+00  0.000000000000E+00
  0.000000000000E+00
 Valence charge follows
  1.310824071160E-08  5.307853495258E-08  1.209001239757E-07  2.175906817471E-07
  3.441970663140E-07  5.017960903341E-07  6.914953112456E-07  9.144338415731E-07
  1.171783179873E-06  1.464748062832E-06  1.794567339063E-06  2.162514865117E-06
  2.569900424294E-06  3.018070668810E-06  3.508410085909E-06  4.042341988510E-06
  4.621329531025E-06  5.246876750958E-06  5.920529636936E-06  6.643877223836E-06
  7.418552715692E-06  8.246234637061E-06  9.128648013570E-06  1.006756558238E-05
  1.106480903330E-05  1.212225028133E-05  1.324181277142E-05  1.442547281622E-05
  1.567526096771E-05  1.699326342346E-05  1.838162346853E-05  1.984254295370E-05
  2.137828381115E-05  2.299116960836E-05  2.468358714128E-05  2.645798806771E-05
  2.831689058193E-05  3.026288113150E-05  3.229861617750E-05  3.442682399904E-05
  3.665030654331E-05  3.897194132229E-05  4.139468335719E-05  4.392156717194E-05
  4.655570883686E-05  4.930030806376E-05  5.215865035387E-05  5.513410919970E-05
  5.823014834244E-05  6.145032408603E-05  6.479828766956E-05  6.827778769915E-05
  7.189267264117E-05  7.564689337792E-05  7.954450582772E-05  8.358967363068E-05
  8.780254065288E-05  9.215596245138E-05  9.666914714800E-05  1.013464415347E-04
  1.061921751980E-04  1.112106482394E-04  1.164152159223E-04  1.218136216451E-04
  1.274025362978E-04  1.331865607949E-04  1.391702372863E-04  1.453580310531E-04
  1.517543106793E-04  1.583633263721E-04  1.651891862972E-04  1.722377367887E-04
  1.795728846063E-04  1.871457263925E-04  1.949603896743E-04  2.030207716075E-04
  2.113305044261E-04  2.198929179604E-04  2.288138762015E-04  2.380077133630E-04
  2.474770534891E-04  2.572248672691E-04  2.672541847748E-04  2.777112866597E-04
  2.884711202150E-04  2.995360736038E-04  3.109079576858E-04  3.226961335246E-04
  3.348871504080E-04  3.474103454997E-04  3.602664983346E-04  3.735797027619E-04
  3.873520743558E-04  4.014834840708E-04  4.159732752606E-04  4.310345661839E-04
  4.465472478104E-04  4.624448065317E-04  4.787828165151E-04  4.957900479060E-04
  5.132095975450E-04  5.310377566789E-04  5.495696691851E-04  5.686329018018E-04
  5.881316814055E-04  6.082711078282E-04  6.291074584537E-04  6.504067039971E-04
  6.723083205773E-04  6.950552144360E-04  7.182925217624E-04  7.421260343386E-04
  7.669290986481E-04  7.922499700790E-04  8.182016106081E-04  8.452148411887E-04
  8.727727876037E-04  9.010469572740E-04  9.304328285857E-04  9.603894049148E-04
  9.912104781929E-04  1.023139983607E-03  1.055664743220E-03  1.089279048463E-03
  1.123931655539E-03  1.159202006839E-03  1.195880000490E-03  1.233443503748E-03
  1.271701175595E-03  1.311683102729E-03  1.352353353864E-03  1.394128281472E-03
  1.437402509326E-03  1.481383001970E-03  1.527016747713E-03  1.573798654763E-03
  1.621432170547E-03  1.671167599751E-03  1.721680063012E-03  1.773745579350E-03
  1.827432463001E-03  1.881905035489E-03  1.938834046108E-03  1.996715333538E-03
  2.056175554033E-03  2.117649549019E-03  2.179974177504E-03  2.245022332915E-03
  2.311200828452E-03  2.379164012799E-03  2.449403505085E-03  2.520554829834E-03
  2.594939510901E-03  2.670442302646E-03  2.748183895552E-03  2.828271027633E-03
  2.909530310586E-03  2.994446451083E-03  3.080406429531E-03  3.169394084548E-03
  3.260522171327E-03  3.353560464968E-03  3.450131292397E-03  3.547793982525E-03
  3.649716165569E-03  3.753196819060E-03  3.859782896553E-03  3.969389319006E-03
  4.080862445564E-03  4.196917832329E-03  4.314187543180E-03  4.436355458498E-03
  4.560509426946E-03  4.688303297355E-03  4.819703074820E-03  4.953391752741E-03
  5.092416802988E-03  5.232767240723E-03  5.379330418257E-03  5.527809183210E-03
  5.681156665312E-03  5.838187377869E-03  5.998642732337E-03  6.164669780297E-03
  6.332571816471E-03  6.508061294830E-03  6.685077245733E-03  6.869205436679E-03
  7.056291625952E-03  7.248986057199E-03  7.446661426341E-03  7.648329133378E-03
  7.857137648969E-03  8.068204622536E-03  8.288716368392E-03  8.510936649380E-03
  8.742440689035E-03  8.977093988738E-03  9.219402769134E-03  9.467121865969E-03
  9.720745911374E-03  9.982193484059E-03  1.024766672010E-02  1.052353659052E-02
  1.080141732455E-02  1.109243573525E-02  1.138544228608E-02  1.169023459248E-02
  1.199930087522E-02  1.231833834513E-02  1.264426711354E-02  1.297821612925E-02
  1.332184685731E-02  1.367140353578E-02  1.403361381793E-02  1.439950516593E-02
  1.478121214119E-02  1.516512448180E-02  1.556635903235E-02  1.597089279394E-02
  1.639084742119E-02  1.681701121253E-02  1.725654866002E-02  1.770539523093E-02
  1.816541524648E-02  1.863804295492E-02  1.911948356169E-02  1.961703783792E-02
  2.012087661273E-02  2.064455141275E-02  2.117180676685E-02  2.172284600665E-02
  2.227653356509E-02  2.285427742369E-02  2.343681576051E-02  2.404129757707E-02
  2.465404274078E-02  2.528645705116E-02  2.593081918969E-02  2.659240757093E-02
  2.726985214058E-02  2.796190435315E-02  2.867395323932E-02  2.939780831120E-02
  3.014604084261E-02  3.090308808162E-02  3.168914191773E-02  3.248082183709E-02
  3.330639370612E-02  3.413505107619E-02  3.500104510908E-02  3.587118484575E-02
  3.677645774928E-02  3.768990252601E-02  3.863610665711E-02  3.959473893854E-02
  4.058358052547E-02  4.158934234703E-02  4.262258147122E-02  4.367747390616E-02
  4.475692423543E-02  4.586300650824E-02  4.699053474811E-02  4.814992294964E-02
  4.932744797663E-02  5.054231333212E-02  5.177180496953E-02  5.304437160686E-02
  5.432784900012E-02  5.566039116123E-02  5.699992070654E-02  5.839475934050E-02
  5.979329037103E-02  6.125195078830E-02  6.271534174479E-02  6.423651948134E-02
  6.576717034887E-02  6.735308932534E-02  6.895343074897E-02  7.060634317072E-02
  7.227882968313E-02  7.400101009806E-02  7.574811233877E-02  7.754185081566E-02
  7.936604665364E-02  8.123364100402E-02  8.313740547198E-02  8.508115243525E-02
  8.706694638120E-02  8.908913169042E-02  9.115938905023E-02  9.326227629352E-02
  9.541938988720E-02  9.760520807892E-02  9.985151383404E-02  1.021224436097E-01
  1.044602031174E-01  1.068183614676E-01  1.092497427814E-01  1.116971662422E-01
  1.142242228357E-01  1.167628490600E-01  1.193874968702E-01  1.220191445086E-01
  1.247431370045E-01  1.274709923944E-01  1.302943850689E-01  1.331231640979E-01
  1.360440999510E-01  1.389751167371E-01  1.419947010817E-01  1.450290164844E-01
  1.481481080922E-01  1.512864965467E-01  1.545056767404E-01  1.577485912119E-01
  1.610681312788E-01  1.644156664772E-01  1.678354935358E-01  1.712873475823E-01
  1.748070090855E-01  1.783624438902E-01  1.819810710079E-01  1.856388716914E-01
  1.893551418822E-01  1.931135756583E-01  1.969256748143E-01  2.007824498426E-01
  2.046880344774E-01  2.086402592959E-01  2.126364193344E-01  2.166805635921E-01
  2.207637864184E-01  2.248956437431E-01  2.290617802689E-01  2.332764342236E-01
  2.375206678424E-01  2.418124620470E-01  2.461292814501E-01  2.504917950601E-01
  2.548749719948E-01  2.593010018405E-01  2.637435749885E-01  2.682251257744E-01
  2.727193920156E-01  2.772476760524E-01  2.817851904452E-01  2.863506384340E-01
  2.909222242845E-01  2.955145086747E-01  3.001102790723E-01  3.047183514687E-01
  3.093277436271E-01  3.139398876131E-01  3.185517112588E-01  3.231556118147E-01
  3.277581127075E-01  3.323409431333E-01  3.369218825619E-01  3.414704094401E-01
  3.460171602139E-01  3.505178664665E-01  3.550165878689E-01  3.594567509992E-01
  3.638934250271E-01  3.682603665366E-01  3.726213788709E-01  3.769021982525E-01
  3.811741338000E-01  3.853562524356E-01  3.895260775492E-01  3.935974136937E-01
  3.976526648517E-01  4.016018111836E-01  4.055307848368E-01  4.093471829942E-01
  4.131391201648E-01  4.168132256598E-01  4.204584837690E-01  4.239819136951E-01
  4.274721170757E-01  4.308377721610E-01  4.341659318431E-01  4.373680837220E-01
  4.405286764513E-01  4.435630106219E-01  4.465520067876E-01  4.494156116909E-01
  4.522304420158E-01  4.549217351348E-01  4.575611867624E-01  4.600797697484E-01
  4.625438039111E-01  4.648902406578E-01  4.671797266365E-01  4.693552411626E-01
  4.714716049787E-01  4.734777001737E-01  4.754224916685E-01  4.772604956812E-01
  4.790348846280E-01  4.807054392082E-01  4.823096601423E-01  4.838121748016E-01
  4.852449515235E-01  4.865770590511E-01  4.878350531751E-01  4.889921155554E-01
  4.900694584660E-01  4.910441867283E-01  4.919321693861E-01  4.927144344326E-01
  4.934014417121E-01  4.939783621352E-01  4.944501426323E-01  4.948065339256E-01
  4.950468841517E-01  4.951661321467E-01  4.951580331867E-01  4.950233991838E-01
  4.947505562560E-01  4.943468127227E-01  4.937953888268E-01  4.931104963224E-01
  4.922705669104E-01  4.912967997316E-01  4.901627371464E-01  4.888963745833E-01
  4.874656552873E-01  4.859051274117E-01  4.841766985313E-01  4.823212692550E-01
  4.802951375270E-01  4.781452503339E-01  4.758226433241E-01  4.733799325386E-01
  4.707632969092E-01  4.680305793623E-01  4.651235970828E-01  4.621049072854E-01
  4.589125198376E-01  4.556131278141E-01  4.521415488910E-01  4.485679712592E-01
  4.448246913271E-01  4.409846938895E-01  4.369784755460E-01  4.328810668005E-01
  4.286219303994E-01  4.242773454828E-01  4.197765445763E-01  4.151962192040E-01
  4.104662054183E-01  4.056627394573E-01  4.007171165083E-01  3.957042269100E-01
  3.905576935654E-01  3.853501564832E-01  3.800184383968E-01  3.746320204340E-01
  3.691317909121E-01  3.635831695794E-01  3.579319594918E-01  3.522386331048E-01
  3.464547303224E-01  3.406349177395E-01  3.347372566668E-01  3.288097874507E-01
  3.228178294212E-01  3.168020252064E-01  3.107356307201E-01  3.046511787740E-01
  2.985304727696E-01  2.923972929474E-01  2.862425245198E-01  2.800806310196E-01
  2.739120290561E-01  2.677413883995E-01  2.615790155953E-01  2.554194035480E-01
  2.492830095171E-01  2.431538669352E-01  2.370627435086E-01  2.309830351343E-01
  2.249558756935E-01  2.189439529591E-01  2.129987178405E-01  2.070721879650E-01
  2.012259780580E-01  1.954015814441E-01  1.896705219289E-01  1.839640197371E-01
  1.783631557164E-01  1.727892292969E-01  1.673324348250E-01  1.619045984368E-01
  1.566045001467E-01  1.513350280921E-01  1.462029442813E-01  1.411028132480E-01
  1.361487089140E-01  1.312275559578E-01  1.264600139026E-01  1.217261101391E-01
  1.171523178926E-01  1.126125576115E-01  1.082383095820E-01  1.038982141683E-01
  9.972792812259E-02  9.559166387772E-02  9.162841060267E-02  8.769881932123E-02
  8.394436412567E-02  8.022300510407E-02  7.667785969517E-02  7.316506173557E-02
  6.982854494942E-02  6.652346687683E-02  6.339377275432E-02  6.029447098373E-02
  5.736874275566E-02  5.447224452339E-02  5.174665319201E-02  4.904903419051E-02
  4.651886055396E-02  4.401532586721E-02  4.167504501229E-02  3.936001242398E-02
  3.720337989155E-02  3.507056481132E-02  3.309070380074E-02  3.113320520762E-02
  2.932269431414E-02  2.753308123517E-02  2.588404229622E-02  2.425444041116E-02
  2.275862606667E-02  2.128080405092E-02  1.992968460065E-02  1.859513978923E-02
  1.737998886319E-02  1.618003174735E-02  1.509201020739E-02  1.401784717526E-02
  1.304808455508E-02  1.209089817673E-02  1.123057086215E-02  1.038159691682E-02
  9.622002188350E-03  8.872602555089E-03  8.205227574529E-03  7.546958072326E-03
  6.963542906154E-03  6.388215184878E-03  5.880809022802E-03  5.380545676362E-03
  4.941555522653E-03  4.508837717862E-03  4.131068998610E-03  3.758776080356E-03
  3.435464810451E-03  3.116905544419E-03  2.841741920118E-03  2.570677254875E-03
  2.337820766529E-03  2.108478222838E-03  1.912564603655E-03  1.719644616495E-03
  1.555785144603E-03  1.394459880647E-03  1.258233723313E-03  1.124139063851E-03
  1.011579487590E-03  9.008009976420E-04  8.083763622897E-04  7.174301572266E-04
  6.420206648905E-04  5.678301356797E-04  5.067013185253E-04  4.465706873754E-04
  3.973445950809E-04  3.489302486071E-04  3.095552422766E-04  2.708357344678E-04
  2.395557149606E-04  2.088012533239E-04  1.841250549098E-04  1.598671866484E-04
  1.405387581984E-04  1.215408655967E-04  1.065107473121E-04  9.173984867328E-05
  8.013833813456E-05  6.873857800723E-05  5.985086970418E-05  5.111897424764E-05
  4.436245539992E-05  3.772532913799E-05  3.262912420055E-05  2.762367568335E-05
  2.381045416609E-05  2.006566185291E-05  1.723565980926E-05  1.445682659473E-05
  1.237398142821E-05  1.032907671095E-05  8.809137265597E-06  7.317088746066E-06
  6.217536960432E-06  5.138309427945E-06  4.349914779940E-06  3.576198655877E-06
  3.016020639436E-06  2.466347436530E-06  2.072002738847E-06  1.685106245711E-06
  1.410124496675E-06  1.140373790121E-06  9.504771869305E-07  7.642189915658E-07
  6.343753643599E-07  5.070374480451E-07  4.191522153853E-07  3.329752421476E-07
  2.741042026398E-07  2.163857763650E-07  1.773669971770E-07  1.391177393508E-07
  1.135363366219E-07  8.846316607845E-08  7.187711125788E-08  5.562302872155E-08
  4.499100260426E-08  3.457337909463E-08  2.783700773463E-08  2.123751443795E-08
  1.702003894487E-08  1.288892028486E-08  1.028053468547E-08  7.725975895267E-09
  6.132827007451E-09  4.572815341074E-09  3.612142676892E-09  2.671612909161E-09
  2.099878174390E-09  1.540229515772E-09  1.204510655188E-09  8.759478189002E-10
  6.815116034121E-10  4.912550685911E-10  3.802217549096E-10  2.715958904991E-10
  2.090995206943E-10  1.479701492320E-10  1.133101677958E-10  7.941512354870E-11
  6.048224266208E-11  4.197103545253E-11  3.178845226293E-11  2.183477820722E-11
  1.644477631881E-11  1.117710060368E-11  8.370154093008E-12  5.627534240667E-12
  4.190003093200E-12  2.785745283355E-12  2.062034343856E-12  1.355245351076E-12
  9.972337145008E-13  6.476803785233E-13  4.737300311488E-13  3.039331982334E-13
  2.209563753938E-13  1.399824509602E-13  1.011411277704E-13  6.324782729848E-14
  4.541441862445E-14  2.802125694899E-14  1.999394440853E-14  1.216711975342E-14
  8.626424409632E-15  5.175221243046E-15  3.645644499065E-15  2.155203456213E-15
  1.508366904909E-15  8.782887623896E-16  6.106623642863E-16  3.500592316197E-16
  2.417814471669E-16  1.363827920859E-16  9.356897676454E-17  5.190904836240E-17
  3.537353058121E-17  1.928986870444E-17  1.305576127533E-17  6.994450521613E-18
  3.503525771114E-18  5.659393664048E-20  0.000000000000E+00  0.000000000000E+00
  0.000000000000E+00  0.000000000000E+00  0.000000000000E+00  0.000000000000E+00
  0.000000000000E+00  0.000000000000E+00  0.000000000000E+00  0.000000000000E+00
  0.000000000000E+00  0.000000000000E+00  0.000000000000E+00  0.000000000000E+00
  0.000000000000E+00  0.000000000000E+00  0.000000000000E+00  0.000000000000E+00
  0.000000000000E+00  0.000000000000E+00  0.000000000000E+00  0.000000000000E+00
  0.000000000000E+00  0.000000000000E+00  0.000000000000E+00  0.000000000000E+00
  0.000000000000E+00  0.000000000000E+00  0.000000000000E+00  0.000000000000E+00
  0.000000000000E+00  0.000000000000E+00  0.000000000000E+00  0.000000000000E+00
  0.000000000000E+00  0.000000000000E+00  0.000000000000E+00  0.000000000000E+00
  0.000000000000E+00  0.000000000000E+00  0.000000000000E+00  0.000000000000E+00
  0.000000000000E+00  0.000000000000E+00  0.000000000000E+00  0.000000000000E+00
  0.000000000000E+00  0.000000000000E+00  0.000000000000E+00  0.000000000000E+00
  0.000000000000E+00  0.000000000000E+00  0.000000000000E+00  0.000000000000E+00
  0.000000000000E+00  0.000000000000E+00  0.000000000000E+00  0.000000000000E+00
  0.000000000000E+00  0.000000000000E+00  0.000000000000E+00  0.000000000000E+00
  0.000000000000E+00  0.000000000000E+00  0.000000000000E+00  0.000000000000E+00
  0.000000000000E+00  0.000000000000E+00  0.000000000000E+00  0.000000000000E+00
  0.000000000000E+00  0.000000000000E+00  0.000000000000E+00  0.000000000000E+00
  0.000000000000E+00
 Pseudo-wave-function follows (l, zelect, rc)
 0  1.000000000000E+00  1.157661433920E+00
  1.144912254786E-04  2.303877925425E-04  3.477069512904E-04  4.664661635607E-04
  5.866831055298E-04  7.083756703431E-04  8.315619707788E-04  9.562603419431E-04
  1.082489344000E-03  1.210267764932E-03  1.339614623339E-03  1.470549171268E-03
  1.603090897078E-03  1.737259528341E-03  1.873075034778E-03  2.010557631233E-03
  2.149727780680E-03  2.290606197267E-03  2.433213849405E-03  2.577571962882E-03
  2.723702024028E-03  2.871625782908E-03  3.021365256564E-03  3.172942732288E-03
  3.326380770943E-03  3.481702210318E-03  3.638930168528E-03  3.798088047455E-03
  3.959199536233E-03  4.122288614770E-03  4.287379557321E-03  4.454496936097E-03
  4.623665624929E-03  4.794910802962E-03  4.968257958407E-03  5.143732892337E-03
  5.321361722522E-03  5.501170887320E-03  5.683187149611E-03  5.867437600780E-03
  6.053949664749E-03  6.242751102061E-03  6.433870014011E-03  6.627334846825E-03
  6.823174395899E-03  7.021417810084E-03  7.222094596021E-03  7.425234622536E-03
  7.630868125085E-03  7.839025710255E-03  8.049738360317E-03  8.263037437840E-03
  8.478954690359E-03  8.697522255098E-03  8.918772663754E-03  9.142738847341E-03
  9.369875397405E-03  9.599368798290E-03  9.831655022520E-03  1.006676353196E-02
  1.030472113972E-02  1.054555202635E-02  1.078948921261E-02  1.103661739167E-02
  1.128676943676E-02  1.153996516611E-02  1.179622221053E-02  1.205555595779E-02
  1.231797949119E-02  1.258350352234E-02  1.285213631817E-02  1.312391991412E-02
  1.339997273644E-02  1.367926128007E-02  1.396178799181E-02  1.424755261083E-02
  1.453655206780E-02  1.482878037862E-02  1.512592056283E-02  1.542642136963E-02
  1.573026055144E-02  1.603742522340E-02  1.634790693665E-02  1.666383744336E-02
  1.698319555301E-02  1.730596084756E-02  1.763210926564E-02  1.796311294989E-02
  1.829864344964E-02  1.863764659413E-02  1.898008963301E-02  1.932753508924E-02
  1.967986438999E-02  2.003571382857E-02  2.039504100300E-02  2.076037127542E-02
  2.113009604220E-02  2.150336832739E-02  2.188079846976E-02  2.226486972956E-02
  2.265255292419E-02  2.304378835561E-02  2.344169419455E-02  2.384425607948E-02
  2.425042180715E-02  2.466225707237E-02  2.508016737398E-02  2.550172630709E-02
  2.592827645539E-02  2.636200666943E-02  2.679942286778E-02  2.724150270402E-02
  2.769152578792E-02  2.814526408518E-02  2.860371997524E-02  2.907050991406E-02
  2.954103541443E-02  3.001674749327E-02  3.050077874270E-02  3.098855619401E-02
  3.148244058080E-02  3.198418738903E-02  3.248968043379E-02  3.300269146409E-02
  3.352262707332E-02  3.404629737815E-02  3.457942986124E-02  3.511802558852E-02
  3.566072883797E-02  3.621462335970E-02  3.677234755650E-02  3.733675139415E-02
  3.791027758664E-02  3.848759447618E-02  3.907480423078E-02  3.966843617396E-02
  4.026662356016E-02  4.087697427087E-02  4.149118051842E-02  4.211392796442E-02
  4.274538721600E-02  4.338062933680E-02  4.402916786950E-02  4.468220702050E-02
  4.534328113984E-02  4.601455354716E-02  4.668963515950E-02  4.737845307932E-02
  4.807233360736E-02  4.877470624584E-02  4.948784387598E-02  5.020479397562E-02
  5.093699354980E-02  5.167378831770E-02  5.242062767645E-02  5.317774808405E-02
  5.393960915845E-02  5.471754669112E-02  5.549939173538E-02  5.629407599015E-02
  5.709736079076E-02  5.790824664746E-02  5.873348663335E-02  5.956257924893E-02
  6.040871021595E-02  6.126040293876E-02  6.212399222810E-02  6.299882507886E-02
  6.388031345335E-02  6.477883790475E-02  6.568124110829E-02  6.660145425736E-02
  6.752822971332E-02  6.846770791572E-02  6.941943254737E-02  7.037865391842E-02
  7.135591655511E-02  7.233703977254E-02  7.333877038253E-02  7.434614791112E-02
  7.536910466096E-02  7.640335138552E-02  7.744805227405E-02  7.850979532145E-02
  7.957676860561E-02  8.066664743585E-02  8.176042854073E-02  8.287509824866E-02
  8.399778044334E-02  8.513636126951E-02  8.628861042175E-02  8.745167315660E-02
  8.863416758160E-02  8.982229384503E-02  9.103572431692E-02  9.225302981161E-02
  9.349457638166E-02  9.474363028508E-02  9.601204292178E-02  9.729356195406E-02
  9.858946646417E-02  9.990417958970E-02  1.012282128580E-01  1.025768611779E-01
  1.039296711640E-01  1.053130077744E-01  1.067002119195E-01  1.081140433002E-01
  1.095368034847E-01  1.109814142713E-01  1.124405073842E-01  1.139165894567E-01
  1.154128035543E-01  1.169210594594E-01  1.184551934345E-01  1.199963362119E-01
  1.215691994100E-01  1.231458091276E-01  1.247563641564E-01  1.263726149687E-01
  1.280182498805E-01  1.296749701036E-01  1.313564374461E-01  1.330544640825E-01
  1.347725253772E-01  1.365127034424E-01  1.382681287272E-01  1.400513104934E-01
  1.418448778037E-01  1.436719219543E-01  1.455044167361E-01  1.473761874243E-01
  1.492516093679E-01  1.511657676780E-01  1.530868595862E-01  1.550423327701E-01
  1.570099641696E-01  1.590075599341E-01  1.610226019490E-01  1.630631312605E-01
  1.651264551682E-01  1.672107311358E-01  1.693232067813E-01  1.714520434256E-01
  1.736145374822E-01  1.757887483825E-01  1.780021224482E-01  1.802225192575E-01
  1.824876277753E-01  1.847561322267E-01  1.870727065842E-01  1.893938347909E-01
  1.917589947723E-01  1.941335747151E-01  1.965481063883E-01  1.989769508553E-01
  2.014416286023E-01  2.039255322225E-01  2.064411162443E-01  2.089808522722E-01
  2.115480858828E-01  2.141444027178E-01  2.167640094131E-01  2.194176268365E-01
  2.220903071243E-01  2.248019122374E-01  2.275283402130E-01  2.302985830571E-01
  2.330794027098E-01  2.359088915512E-01  2.387447127843E-01  2.416340090441E-01
  2.445262025607E-01  2.474750162056E-01  2.504275048563E-01  2.534328926144E-01
  2.564461164285E-01  2.595085055769E-01  2.625828392075E-01  2.657025981625E-01
  2.688383441494E-01  2.720157764234E-01  2.752131580069E-01  2.784484957642E-01
  2.817076492351E-01  2.850010464306E-01  2.883220130013E-01  2.916735380894E-01
  2.950562552735E-01  2.984658834741E-01  3.019101759655E-01  3.053777810781E-01
  3.088833511220E-01  3.124086968795E-01  3.159751141349E-01  3.195578450947E-01
  3.231845359894E-01  3.268241679604E-01  3.305104045496E-01  3.342063145619E-01
  3.379512029050E-01  3.417026187320E-01  3.455050868146E-01  3.493110760674E-01
  3.531698613019E-01  3.570301601203E-01  3.609429564742E-01  3.648579197903E-01
  3.688214026644E-01  3.727893256265E-01  3.768018050174E-01  3.808207516100E-01
  3.848803176769E-01  3.889481072211E-01  3.930526177616E-01  3.971668114144E-01
  4.013138793591E-01  4.054717667525E-01  4.096587478094E-01  4.138573339959E-01
  4.180813145995E-01  4.223173074982E-01  4.265750932430E-01  4.308448918109E-01
  4.351329965755E-01  4.394326799624E-01  4.437473159629E-01  4.480726339413E-01
  4.524097029806E-01  4.567560679808E-01  4.611111541964E-01  4.654736353123E-01
  4.698419997577E-01  4.742153191294E-01  4.785918965589E-01  4.829704285722E-01
  4.873498268319E-01  4.917276006138E-01  4.961041030733E-01  5.004748087901E-01
  5.048423802790E-01  5.091993797707E-01  5.135516765042E-01  5.178880188060E-01
  5.222184028017E-01  5.265268451079E-01  5.308284035994E-01  5.351014382148E-01
  5.393670085609E-01  5.435968963582E-01  5.478190969212E-01  5.519979077684E-01
  5.561691751892E-01  5.602888357336E-01  5.644014689615E-01  5.684538180418E-01
  5.725000293781E-01  5.764768811848E-01  5.804488544628E-01  5.843420693726E-01
  5.882320252280E-01  5.920335879921E-01  5.958323248367E-01  5.995359606282E-01
  6.032349734295E-01  6.068341981522E-01  6.104260167047E-01  6.139139776563E-01
  6.173915336418E-01  6.207618281829E-01  6.241185524332E-01  6.273653192601E-01
  6.305952388655E-01  6.337132472264E-01  6.368110795054E-01  6.397958132268E-01
  6.427570529784E-01  6.456047856129E-01  6.484257814770E-01  6.511336383371E-01
  6.538116535062E-01  6.563776558417E-01  6.589109078479E-01  6.613339939928E-01
  6.637216678807E-01  6.660016859019E-01  6.682439148570E-01  6.703815811370E-01
  6.724793886529E-01  6.744762070283E-01  6.764314050610E-01  6.782895417167E-01
  6.801045801215E-01  6.818266905413E-01  6.835044545656E-01  6.850934606109E-01
  6.866370155013E-01  6.880958333182E-01  6.895081183975E-01  6.908393415237E-01
  6.921228206064E-01  6.933283675578E-01  6.944846484968E-01  6.955653904125E-01
  6.965948340075E-01  6.975502256571E-01  6.984515730623E-01  6.992793194981E-01
  7.000493772360E-01  7.007451780226E-01  7.013786097965E-01  7.019360318245E-01
  7.024253146238E-01  7.028358507078E-01  7.031714559033E-01  7.034248257723E-01
  7.035956785591E-01  7.036804152575E-01  7.036746594573E-01  7.035789881018E-01
  7.033850253210E-01  7.030979686455E-01  7.027056326562E-01  7.022181487141E-01
  7.016196913314E-01  7.009254345587E-01  7.001157694103E-01  6.992108517657E-01
  6.981866910710E-01  6.970683523011E-01  6.958270322618E-01  6.944926887659E-01
  6.930318659303E-01  6.914793477291E-01  6.897971069211E-01  6.880246600891E-01
  6.861195100490E-01  6.841257887172E-01  6.819966749249E-01  6.797807689676E-01
  6.774270970283E-01  6.749885520472E-01  6.724102079510E-01  6.697490454722E-01
  6.669464154242E-01  6.640631523167E-01  6.610371415964E-01  6.579328084958E-01
  6.546848591345E-01  6.513610176781E-01  6.478931247388E-01  6.443518833905E-01
  6.406666096059E-01  6.369106378267E-01  6.330111263335E-01  6.290436668360E-01
  6.249336517205E-01  6.207585305237E-01  6.164423448781E-01  6.120639788622E-01
  6.075465600353E-01  6.029699616843E-01  5.982568534009E-01  5.934876324132E-01
  5.885849834378E-01  5.836293448849E-01  5.785439039136E-01  5.734086426411E-01
  5.681477491268E-01  5.628402401131E-01  5.574118107645E-01  5.519399951912E-01
  5.463525059396E-01  5.407248727816E-01  5.349873360733E-01  5.292128990832E-01
  5.233348363110E-01  5.174231061847E-01  5.114145159346E-01  5.053754686165E-01
  4.992467897104E-01  4.930908291568E-01  4.868528997268E-01  4.805908172975E-01
  4.742548300262E-01  4.678977599495E-01  4.614752138981E-01  4.550345855187E-01
  4.485372352093E-01  4.420247226433E-01  4.354645251107E-01  4.288919950161E-01
  4.222810556176E-01  4.156605138607E-01  4.090110316757E-01  4.023545697112E-01
  3.956787833820E-01  3.889985251757E-01  3.823086600164E-01  3.756167103146E-01
  3.689249274657E-01  3.622333221585E-01  3.555516704724E-01  3.488723297061E-01
  3.422127009271E-01  3.355573854957E-01  3.289314731479E-01  3.223117445459E-01
  3.157310067664E-01  3.091581911072E-01  3.026338174699E-01  2.961189732890E-01
  2.896618554665E-01  2.832157452307E-01  2.768364511419E-01  2.704695160950E-01
  2.641782670058E-01  2.579006048053E-01  2.517072546920E-01  2.455285991422E-01
  2.394426155131E-01  2.333723175942E-01  2.274027629007E-01  2.214497722371E-01
  2.156052850071E-01  2.097781309277E-01  2.040669058227E-01  1.983736772447E-01
  1.928034433824E-01  1.872517668922E-01  1.818297639852E-01  1.764267797059E-01
  1.711597318264E-01  1.659120669198E-01  1.608061539994E-01  1.557198939489E-01
  1.507807214338E-01  1.458613795585E-01  1.410939469369E-01  1.363464328805E-01
  1.317551020627E-01  1.271836902492E-01  1.227721549769E-01  1.183804542169E-01
  1.141517118057E-01  1.099426373487E-01  1.058989641012E-01  1.018747134580E-01
  9.801764504156E-02  9.417967884603E-02  9.050999679695E-02  8.685902584211E-02
  8.337675116826E-02  7.991273055743E-02  7.661712516621E-02  7.333925627545E-02
  7.022883268248E-02  6.713557336102E-02  6.420811285022E-02  6.129719600469E-02
  5.854977513228E-02  5.581823556739E-02  5.324726064339E-02  5.069146977855E-02
  4.829271873100E-02  4.590842658960E-02  4.367709742595E-02  4.145948110873E-02
  3.939024603894E-02  3.733396374808E-02  3.542102792687E-02  3.352027750435E-02
  3.175744128381E-02  3.000602216463E-02  2.838674572049E-02  2.677812317600E-02
  2.529559237756E-02  2.382296293245E-02  2.247015536236E-02  2.112651230589E-02
  1.989626239773E-02  1.867446037167E-02  1.755952271450E-02  1.645234044145E-02
  1.544545039805E-02  1.444565071023E-02  1.353958160379E-02  1.263996803982E-02
  1.182758427957E-02  1.102105363070E-02  1.029535926611E-02  9.574949571581E-03
  8.929131884510E-03  8.288065493526E-03  7.715533355176E-03  7.147254789246E-03
  6.641671621789E-03  6.139880082447E-03  5.695191371569E-03  5.253867843592E-03
  4.864323246577E-03  4.477752243772E-03  4.137922426697E-03  3.800708515036E-03
  3.505496931315E-03  3.212576241779E-03  2.957226131943E-03  2.703873142079E-03
  2.483970091050E-03  2.265800009798E-03  2.077270442746E-03  1.890237577218E-03
  1.729343608677E-03  1.569736124587E-03  1.433067197977E-03  1.297498707479E-03
  1.181960474302E-03  1.067358896792E-03  9.701597869797E-04  8.737539304534E-04
  7.923898587498E-04  7.116941626294E-04  6.439318012025E-04  5.767296668583E-04
  5.205886928076E-04  4.649148065742E-04  4.186495055887E-04  3.727715318284E-04
  3.348521071927E-04  2.972520971227E-04  2.663459976680E-04  2.357018243334E-04
  2.106553669429E-04  1.858224590358E-04  1.656429819998E-04  1.456365902316E-04
  1.294753341545E-04  1.134535246377E-04  1.005893986345E-04  8.783692910236E-05
  7.766128253263E-05  6.757448007458E-05  5.957696475013E-05  5.164968874989E-05
  4.540526400740E-05  3.921600573156E-05  3.437310943596E-05  2.957325067623E-05
  2.584313343520E-05  2.214636107593E-05  1.929355889553E-05  1.646641045166E-05
  1.430031278127E-05  1.215380986218E-05  1.052126557767E-05  8.903577998626E-06
  7.682470353545E-06  6.472542206079E-06  5.566259447253E-06  4.668324315534E-06
  4.001034787317E-06  3.339929034919E-06  2.852607542504E-06  2.369830050954E-06
  2.016909240645E-06  1.667299884148E-06  1.413895408270E-06  1.162883613396E-06
  9.825249527297E-07  8.038800879737E-07  6.766613269367E-07  5.506591938015E-07
  4.617472605147E-07  3.736911545517E-07  3.121359833617E-07  2.511772252719E-07
  2.089723124190E-07  1.671790620988E-07  1.385273045791E-07  1.101569098241E-07
  9.090284105720E-08  7.183915101014E-08  5.903451406545E-08  4.635737102153E-08
  3.793230550268E-08  2.959172303811E-08  2.410863125634E-08  1.868091861630E-08
  1.515228673483E-08  1.165955555776E-08  9.414666909382E-09  7.192788572683E-09
  5.781318206690E-09  4.384425054525E-09  3.507624734826E-09  2.639950081331E-09
  1.334497431777E-09  2.155670260043E-11  0.000000000000E+00  0.000000000000E+00
  0.000000000000E+00  0.000000000000E+00  0.000000000000E+00  0.000000000000E+00
  0.000000000000E+00  0.000000000000E+00  0.000000000000E+00  0.000000000000E+00
  0.000000000000E+00  0.000000000000E+00  0.000000000000E+00  0.000000000000E+00
  0.000000000000E+00  0.000000000000E+00  0.000000000000E+00  0.000000000000E+00
  0.000000000000E+00  0.000000000000E+00  0.000000000000E+00  0.000000000000E+00
  0.000000000000E+00  0.000000000000E+00  0.000000000000E+00  0.000000000000E+00
  0.000000000000E+00  0.000000000000E+00  0.000000000000E+00  0.000000000000E+00
  0.000000000000E+00  0.000000000000E+00  0.000000000000E+00  0.000000000000E+00
  0.000000000000E+00  0.000000000000E+00  0.000000000000E+00  0.000000000000E+00
  0.000000000000E+00  0.000000000000E+00  0.000000000000E+00  0.000000000000E+00
  0.000000000000E+00  0.000000000000E+00  0.000000000000E+00  0.000000000000E+00
  0.000000000000E+00  0.000000000000E+00  0.000000000000E+00  0.000000000000E+00
  0.000000000000E+00  0.000000000000E+00  0.000000000000E+00  0.000000000000E+00
  0.000000000000E+00  0.000000000000E+00  0.000000000000E+00  0.000000000000E+00
  0.000000000000E+00  0.000000000000E+00  0.000000000000E+00  0.000000000000E+00
  0.000000000000E+00  0.000000000000E+00  0.000000000000E+00  0.000000000000E+00
  0.000000000000E+00  0.000000000000E+00  0.000000000000E+00  0.000000000000E+00
  0.000000000000E+00  0.000000000000E+00  0.000000000000E+00  0.000000000000E+00
  0.000000000000E+00
