 H  pb nrl nc  
 converted from h_pbe_tm.UPF (UPF 2.0.1, semilocal norm-conserving)
 1s(  1.00) rc= 1.3079
   1  0  773  6.250000000000E-03  1.219994341177E-02  1.000000000000E+00   nl nls nr a b zion
 Radial grid follows
  7.671666427382E-05  1.543750000000E-04  2.329865658814E-04  3.125630625000E-04
  3.931163340586E-04  4.746583701437E-04  5.572013075099E-04  6.407574318863E-04
  7.253391798054E-04  8.109591404539E-04  8.976300575466E-04  9.853648312231E-04
  1.074176519968E-03  1.164078342554E-03  1.255083680011E-03  1.347206077615E-03
  1.440459246907E-03  1.534857067733E-03  1.630413590306E-03  1.727143037305E-03
  1.825059805987E-03  1.924178470327E-03  2.024513783195E-03  2.126080678544E-03
  2.228894273639E-03  2.332969871304E-03  2.438322962198E-03  2.544969227125E-03
  2.652924539365E-03  2.762204967035E-03  2.872826775487E-03  2.984806429721E-03
  3.098160596841E-03  3.212906148535E-03  3.329060163583E-03  3.446639930404E-03
  3.565662949624E-03  3.686146936685E-03  3.808109824480E-03  3.931569766021E-03
  4.056545137144E-03  4.183054539242E-03  4.311116802032E-03  4.440750986361E-03
  4.571976387042E-03  4.704812535724E-03  4.839279203802E-03  4.975396405357E-03
  5.113184400136E-03  5.252663696569E-03  5.393855054819E-03  5.536779489874E-03
  5.681458274673E-03  5.827912943274E-03  5.976165294058E-03  6.126237392973E-03
  6.278151576821E-03  6.431930456579E-03  6.587596920768E-03  6.745174138857E-03
  6.904685564711E-03  7.066154940087E-03  7.229606298160E-03  7.395063967107E-03
  7.562552573724E-03  7.732097047094E-03  7.903722622295E-03  8.077454844157E-03
  8.253319571066E-03  8.431342978808E-03  8.611551564471E-03  8.793972150385E-03
  8.978631888114E-03  9.165558262499E-03  9.354779095750E-03  9.546322551583E-03
  9.740217139415E-03  9.936491718607E-03  1.013517550276E-02  1.033629806406E-02
  1.053988933768E-02  1.074597962624E-02  1.095459960432E-02  1.116578032301E-02
  1.137955321454E-02  1.159595009699E-02  1.181500317894E-02  1.203674506438E-02
  1.226120875746E-02  1.248842766747E-02  1.271843561377E-02  1.295126683086E-02
  1.318695597343E-02  1.342553812158E-02  1.366704878598E-02  1.391152391318E-02
  1.415899989099E-02  1.440951355384E-02  1.466310218830E-02  1.491980353862E-02
  1.517965581235E-02  1.544269768602E-02  1.570896831091E-02  1.597850731887E-02
  1.625135482819E-02  1.652755144964E-02  1.680713829245E-02  1.709015697045E-02
  1.737664960827E-02  1.766665884762E-02  1.796022785360E-02  1.825740032116E-02
  1.855822048158E-02  1.886273310909E-02  1.917098352748E-02  1.948301761688E-02
  1.979888182060E-02  2.011862315202E-02  2.044228920157E-02  2.076992814387E-02
  2.110158874485E-02  2.143732036903E-02  2.177717298685E-02  2.212119718214E-02
  2.246944415963E-02  2.282196575254E-02  2.317881443037E-02  2.354004330663E-02
  2.390570614680E-02  2.427585737630E-02  2.465055208862E-02  2.502984605350E-02
  2.541379572521E-02  2.580245825102E-02  2.619589147963E-02  2.659415396982E-02
  2.699730499917E-02  2.740540457287E-02  2.781851343265E-02  2.823669306582E-02
  2.866000571444E-02  2.908851438455E-02  2.952228285559E-02  2.996137568985E-02
  3.040585824212E-02  3.085579666939E-02  3.131125794070E-02  3.177230984712E-02
  3.223902101183E-02  3.271146090035E-02  3.318969983083E-02  3.367380898458E-02
  3.416386041665E-02  3.465992706650E-02  3.516208276894E-02  3.567040226505E-02
  3.618496121333E-02  3.670583620099E-02  3.723310475530E-02  3.776684535516E-02
  3.830713744276E-02  3.885406143543E-02  3.940769873759E-02  3.996813175288E-02
  4.053544389641E-02  4.110971960718E-02  4.169104436065E-02  4.227950468148E-02
  4.287518815636E-02  4.347818344711E-02  4.408858030382E-02  4.470646957825E-02
  4.533194323733E-02  4.596509437684E-02  4.660601723529E-02  4.725480720794E-02
  4.791156086100E-02  4.857637594598E-02  4.924935141427E-02  4.993058743185E-02
  5.062018539420E-02  5.131824794141E-02  5.202487897344E-02  5.274018366557E-02
  5.346426848408E-02  5.419724120211E-02  5.493921091564E-02  5.569028805980E-02
  5.645058442525E-02  5.722021317487E-02  5.799928886056E-02  5.878792744029E-02
  5.958624629541E-02  6.039436424807E-02  6.121240157891E-02  6.204048004500E-02
  6.287872289791E-02  6.372725490211E-02  6.458620235349E-02  6.545569309819E-02
  6.633585655162E-02  6.722682371772E-02  6.812872720844E-02  6.904170126354E-02
  6.996588177049E-02  7.090140628475E-02  7.184841405022E-02  7.280704601999E-02
  7.377744487726E-02  7.475975505668E-02  7.575412276573E-02  7.676069600658E-02
  7.777962459805E-02  7.881106019794E-02  7.985515632562E-02  8.091206838483E-02
  8.198195368686E-02  8.306497147394E-02  8.416128294293E-02  8.527105126934E-02
  8.639444163162E-02  8.753162123570E-02  8.868275933992E-02  8.984802728022E-02
  9.102759849561E-02  9.222164855404E-02  9.343035517846E-02  9.465389827332E-02
  9.589245995136E-02  9.714622456067E-02  9.841537871216E-02  9.970011130732E-02
  1.010006135664E-01  1.023170790566E-01  1.036497037214E-01  1.049986859093E-01
  1.063642264034E-01  1.077465284513E-01  1.091457977955E-01  1.105622427040E-01
  1.119960740011E-01  1.134475050988E-01  1.149167520289E-01  1.164040334747E-01
  1.179095708040E-01  1.194335881016E-01  1.209763122029E-01  1.225379727277E-01
  1.241188021143E-01  1.257190356541E-01  1.273389115265E-01  1.289786708347E-01
  1.306385576412E-01  1.323188190043E-01  1.340197050149E-01  1.357414688337E-01
  1.374843667288E-01  1.392486581139E-01  1.410346055870E-01  1.428424749693E-01
  1.446725353450E-01  1.465250591011E-01  1.484003219680E-01  1.502986030609E-01
  1.522201849207E-01  1.541653535565E-01  1.561343984882E-01  1.581276127893E-01
  1.601452931309E-01  1.621877398252E-01  1.642552568712E-01  1.663481519989E-01
  1.684667367159E-01  1.706113263533E-01  1.727822401128E-01  1.749798011142E-01
  1.772043364436E-01  1.794561772017E-01  1.817356585537E-01  1.840431197786E-01
  1.863789043200E-01  1.887433598371E-01  1.911368382567E-01  1.935596958251E-01
  1.960122931616E-01  1.984949953120E-01  2.010081718027E-01  2.035521966962E-01
  2.061274486463E-01  2.087343109546E-01  2.113731716278E-01  2.140444234352E-01
  2.167484639670E-01  2.194856956940E-01  2.222565260270E-01  2.250613673777E-01
  2.279006372199E-01  2.307747581519E-01  2.336841579592E-01  2.366292696783E-01
  2.396105316608E-01  2.426283876393E-01  2.456832867928E-01  2.487756838140E-01
  2.519060389766E-01  2.550748182042E-01  2.582824931393E-01  2.615295412139E-01
  2.648164457199E-01  2.681436958818E-01  2.715117869292E-01  2.749212201701E-01
  2.783725030663E-01  2.818661493083E-01  2.854026788921E-01  2.889826181962E-01
  2.926065000607E-01  2.962748638657E-01  2.999882556122E-01  3.037472280032E-01
  3.075523405258E-01  3.114041595348E-01  3.153032583368E-01  3.192502172754E-01
  3.232456238177E-01  3.272900726421E-01  3.313841657260E-01  3.355285124363E-01
  3.397237296194E-01  3.439704416935E-01  3.482692807410E-01  3.526208866033E-01
  3.570259069753E-01  3.614849975024E-01  3.659988218776E-01  3.705680519407E-01
  3.751933677780E-01  3.798754578237E-01  3.846150189621E-01  3.894127566319E-01
  3.942693849305E-01  3.991856267207E-01  4.041622137383E-01  4.091998867007E-01
  4.142993954176E-01  4.194614989022E-01  4.246869654844E-01  4.299765729251E-01
  4.353311085319E-01  4.407513692764E-01  4.462381619126E-01  4.517923030975E-01
  4.574146195119E-01  4.631059479840E-01  4.688671356138E-01  4.746990398992E-01
  4.806025288635E-01  4.865784811847E-01  4.926277863264E-01  4.987513446700E-01
  5.049500676487E-01  5.112248778833E-01  5.175767093196E-01  5.240065073670E-01
  5.305152290398E-01  5.371038430990E-01  5.437733301971E-01  5.505246830236E-01
  5.573589064529E-01  5.642770176942E-01  5.712800464423E-01  5.783690350313E-01
  5.855450385895E-01  5.928091251966E-01  6.001623760426E-01  6.076058855889E-01
  6.151407617309E-01  6.227681259630E-01  6.304891135456E-01  6.383048736742E-01
  6.462165696502E-01  6.542253790540E-01  6.623324939206E-01  6.705391209166E-01
  6.788464815204E-01  6.872558122033E-01  6.957683646139E-01  7.043854057647E-01
  7.131082182199E-01  7.219381002871E-01  7.308763662099E-01  7.399243463642E-01
  7.490833874553E-01  7.583548527194E-01  7.677401221255E-01  7.772405925815E-01
  7.868576781420E-01  7.965928102183E-01  8.064474377921E-01  8.164230276307E-01
  8.265210645055E-01  8.367430514132E-01  8.470905097988E-01  8.575649797831E-01
  8.681680203909E-01  8.789012097837E-01  8.897661454945E-01  9.007644446654E-01
  9.118977442882E-01  9.231677014486E-01  9.345759935721E-01  9.461243186744E-01
  9.578143956134E-01  9.696479643456E-01  9.816267861850E-01  9.937526440650E-01
  1.006027342804E+00  1.018452709373E+00  1.031030593171E+00  1.043762866295E+00
  1.056651423822E+00  1.069698184092E+00  1.082905088991E+00  1.096274104239E+00
  1.109807219689E+00  1.123506449614E+00  1.137373833015E+00  1.151411433920E+00
  1.165621341691E+00  1.180005671337E+00  1.194566563830E+00  1.209306186420E+00
  1.224226732957E+00  1.239330424224E+00  1.254619508261E+00  1.270096260702E+00
  1.285762985115E+00  1.301622013342E+00  1.317675705847E+00  1.333926452071E+00
  1.350376670782E+00  1.367028810437E+00  1.383885349550E+00  1.400948797055E+00
  1.418221692684E+00  1.435706607343E+00  1.453406143493E+00  1.471322935544E+00
  1.489459650238E+00  1.507818987052E+00  1.526403678599E+00  1.545216491032E+00
  1.564260224460E+00  1.583537713360E+00  1.603051827004E+00  1.622805469880E+00
  1.642801582131E+00  1.663043139987E+00  1.683533156210E+00  1.704274680544E+00
  1.725270800168E+00  1.746524640154E+00  1.768039363932E+00  1.789818173765E+00
  1.811864311221E+00  1.834181057657E+00  1.856771734709E+00  1.879639704782E+00
  1.902788371556E+00  1.926221180490E+00  1.949941619333E+00  1.973953218648E+00
  1.998259552331E+00  2.022864238148E+00  2.047770938273E+00  2.072983359831E+00
  2.098505255449E+00  2.124340423818E+00  2.150492710258E+00  2.176966007287E+00
  2.203764255202E+00  2.230891442667E+00  2.258351607305E+00  2.286148836301E+00
  2.314287267006E+00  2.342771087557E+00  2.371604537501E+00  2.400791908420E+00
  2.430337544577E+00  2.460245843558E+00  2.490521256928E+00  2.521168290894E+00
  2.552191506974E+00  2.583595522679E+00  2.615385012196E+00  2.647564707089E+00
  2.680139396998E+00  2.713113930354E+00  2.746493215103E+00  2.780282219434E+00
  2.814485972517E+00  2.849109565254E+00  2.884158151038E+00  2.919636946516E+00
  2.955551232368E+00  2.991906354095E+00  3.028707722808E+00  3.065960816041E+00
  3.103671178561E+00  3.141844423197E+00  3.180486231672E+00  3.219602355450E+00
  3.259198616594E+00  3.299280908630E+00  3.339855197424E+00  3.380927522073E+00
  3.422503995800E+00  3.464590806868E+00  3.507194219496E+00  3.550320574797E+00
  3.593976291718E+00  3.638167867995E+00  3.682901881123E+00  3.728184989334E+00
  3.774023932587E+00  3.820425533571E+00  3.867396698722E+00  3.914944419250E+00
  3.963075772180E+00  4.011797921406E+00  4.061118118753E+00  4.111043705064E+00
  4.161582111287E+00  4.212740859580E+00  4.264527564435E+00  4.316949933811E+00
  4.370015770277E+00  4.423732972176E+00  4.478109534803E+00  4.533153551589E+00
  4.588873215312E+00  4.645276819313E+00  4.702372758731E+00  4.760169531750E+00
  4.818675740871E+00  4.877900094185E+00  4.937851406671E+00  4.998538601511E+00
  5.059970711415E+00  5.122156879968E+00  5.185106362987E+00  5.248828529903E+00
  5.313332865153E+00  5.378628969592E+00  5.444726561923E+00  5.511635480141E+00
  5.579365683002E+00  5.647927251500E+00  5.717330390372E+00  5.787585429613E+00
  5.858702826014E+00  5.930693164724E+00  6.003567160817E+00  6.077335660893E+00
  6.152009644689E+00  6.227600226717E+00  6.304118657913E+00  6.381576327317E+00
  6.459984763763E+00  6.539355637601E+00  6.619700762428E+00  6.701032096850E+00
  6.783361746260E+00  6.866701964642E+00  6.951065156393E+00  7.036463878169E+00
  7.122910840756E+00  7.210418910960E+00  7.299001113522E+00  7.388670633060E+00
  7.479440816026E+00  7.571325172697E+00  7.664337379182E+00  7.758491279463E+00
  7.853800887448E+00  7.950280389065E+00  8.047944144368E+00  8.146806689675E+00
  8.246882739734E+00  8.348187189910E+00  8.450735118405E+00  8.554541788501E+00
  8.659622650830E+00  8.765993345677E+00  8.873669705306E+00  8.982667756315E+00
  9.093003722027E+00  9.204694024896E+00  9.317755288961E+00  9.432204342311E+00
  9.548058219598E+00  9.665334164566E+00  9.784049632622E+00  9.904222293431E+00
  1.002587003355E+01  1.014901095908E+01  1.027366339838E+01  1.039984590477E+01
  1.052757725932E+01  1.065687647362E+01  1.078776279262E+01  1.092025569751E+01
  1.105437490860E+01  1.119014038824E+01  1.132757234384E+01  1.146669123083E+01
  1.160751775573E+01  1.175007287923E+01  1.189437781930E+01  1.204045405435E+01
  1.218832332644E+01  1.233800764449E+01  1.248952928760E+01  1.264291080831E+01
  1.279817503600E+01  1.295534508028E+01  1.311444433439E+01  1.327549647876E+01
  1.343852548445E+01  1.360355561679E+01  1.377061143892E+01  1.393971781552E+01
  1.411089991646E+01  1.428418322056E+01  1.445959351940E+01  1.463715692111E+01
  1.481689985433E+01  1.499884907206E+01  1.518303165573E+01  1.536947501914E+01
  1.555820691262E+01  1.574925542712E+01  1.594264899837E+01  1.613841641117E+01
  1.633658680363E+01  1.653718967152E+01  1.674025487268E+01  1.694581263141E+01
  1.715389354303E+01  1.736452857840E+01  1.757774908854E+01  1.779358680929E+01
  1.801207386603E+01  1.823324277848E+01  1.845712646552E+01  1.868375825011E+01
  1.891317186422E+01  1.914540145389E+01  1.938048158427E+01  1.961844724480E+01
  1.985933385440E+01  2.010317726674E+01  2.035001377560E+01  2.059988012023E+01
  2.085281349086E+01  2.110885153420E+01  2.136803235908E+01  2.163039454210E+01
  2.189597713335E+01  2.216481966229E+01  2.243696214355E+01  2.271244508294E+01
  2.299130948349E+01  2.327359685149E+01  2.355934920273E+01  2.384860906873E+01
  2.414141950304E+01  2.443782408772E+01  2.473786693977E+01  2.504159271769E+01
  2.534904662818E+01  2.566027443282E+01  2.597532245489E+01  2.629423758631E+01
  2.661706729453E+01  2.694385962969E+01  2.727466323171E+01  2.760952733754E+01
  2.794850178853E+01  2.829163703778E+01  2.863898415771E+01  2.899059484761E+01
  2.934652144140E+01  2.970681691535E+01  3.007153489600E+01  3.044072966816E+01
  3.081445618293E+01  3.119277006596E+01  3.157572762565E+01  3.196338586159E+01
  3.235580247301E+01  3.275303586737E+01  3.315514516909E+01  3.356219022830E+01
  3.397423162977E+01  3.439133070194E+01  3.481354952602E+01  3.524095094527E+01
  3.567359857431E+01  3.611155680862E+01  3.655489083410E+01  3.700366663679E+01
  3.745795101270E+01  3.791781157772E+01  3.838331677772E+01  3.885453589869E+01
  3.933153907713E+01  3.981439731039E+01  4.030318246733E+01  4.079796729896E+01
  4.129882544927E+01  4.180583146624E+01  4.231906081287E+01  4.283858987846E+01
  4.336449598995E+01  4.389685742346E+01  4.443575341590E+01  4.498126417681E+01
  4.553347090027E+01  4.609245577698E+01  4.665830200651E+01  4.723109380967E+01
  4.781091644107E+01  4.839785620177E+01  4.899200045217E+01  4.959343762496E+01
  5.020225723833E+01  5.081854990929E+01  5.144240736712E+01  5.207392246705E+01
  5.271318920409E+01  5.336030272699E+01  5.401535935243E+01  5.467845657934E+01
  5.534969310343E+01  5.602916883185E+01  5.671698489809E+01  5.741324367700E+01
  5.811804880007E+01  5.883150517082E+01  5.955371898043E+01  6.028479772354E+01
  6.102485021425E+01  6.177398660231E+01  6.253231838954E+01  6.329995844639E+01
  6.407702102876E+01  6.486362179502E+01  6.565987782317E+01  6.646590762835E+01
  6.728183118041E+01  6.810776992177E+01  6.894384678556E+01  6.979018621384E+01
  7.064691417617E+01  7.151415818832E+01  7.239204733132E+01  7.328071227058E+01
  7.418028527540E+01  7.509090023866E+01  7.601269269670E+01  7.694579984955E+01
  7.789036058131E+01
 Pseudopotential follows (l on next line)
 0
 -4.817988138859E-04 -9.695115443107E-04 -1.463210779328E-03 -1.962969997786E-03
 -2.468863580247E-03 -2.980966820053E-03 -3.499355934511E-03 -4.024108076232E-03
 -4.555301344596E-03 -5.093014797360E-03 -5.637328462415E-03 -6.188323349675E-03
 -6.746081463124E-03 -7.310685813001E-03 -7.882220428136E-03 -8.460770368440E-03
 -9.046421737548E-03 -9.639261695607E-03 -1.023937847224E-02 -1.084686137963E-02
 -1.146180082583E-02 -1.208428832817E-02 -1.271441652684E-02 -1.335227919868E-02
 -1.399797127110E-02 -1.465158883619E-02 -1.531322916496E-02 -1.598299072183E-02
 -1.666097317921E-02 -1.734727743237E-02 -1.804200561432E-02 -1.874526111108E-02
 -1.945714857696E-02 -2.017777395012E-02 -2.090724446831E-02 -2.164566868477E-02
 -2.239315648435E-02 -2.314981909981E-02 -2.391576912835E-02 -2.469112054831E-02
 -2.547598873605E-02 -2.627049048313E-02 -2.707474401358E-02 -2.788886900147E-02
 -2.871298658867E-02 -2.954721940276E-02 -3.039169157530E-02 -3.124652876017E-02
 -3.211185815223E-02 -3.298780850617E-02 -3.387451015560E-02 -3.477209503237E-02
 -3.568069668613E-02 -3.660045030410E-02 -3.753149273110E-02 -3.847396248987E-02
 -3.942799985927E-02 -4.039374722766E-02 -4.137134760536E-02 -4.236094642481E-02
 -4.336269090162E-02 -4.437673005640E-02 -4.540321469597E-02 -4.644229749930E-02
 -4.749413306822E-02 -4.855887786423E-02 -4.963669026714E-02 -5.072773059880E-02
 -5.183216114692E-02 -5.295014618935E-02 -5.408185201864E-02 -5.522744695663E-02
 -5.638710106986E-02 -5.756098711897E-02 -5.874927969907E-02 -5.995215554694E-02
 -6.116979356754E-02 -6.240237486098E-02 -6.365008211786E-02 -6.491310142760E-02
 -6.619162063237E-02 -6.748582987521E-02 -6.879592162999E-02 -7.012208976427E-02
 -7.146453232638E-02 -7.282344895437E-02 -7.419904173813E-02 -7.559151446487E-02
 -7.700107428079E-02 -7.842793130887E-02 -7.987229773343E-02 -8.133438737832E-02
 -8.281441760104E-02 -8.431260925047E-02 -8.582918511246E-02 -8.736436891268E-02
 -8.891838985911E-02 -9.049147956444E-02 -9.208387143570E-02 -9.369580015394E-02
 -9.532750760701E-02 -9.697923642406E-02 -9.865122937580E-02 -1.003437365617E-01
 -1.020570104897E-01 -1.037913038101E-01 -1.055468736658E-01 -1.073239833237E-01
 -1.091228954835E-01 -1.109438748725E-01 -1.127871958295E-01 -1.146531311683E-01
 -1.165419539619E-01 -1.184539498572E-01 -1.203894017048E-01 -1.223485919738E-01
 -1.243318177480E-01 -1.263393716503E-01 -1.283715469714E-01 -1.304286522151E-01
 -1.325109892663E-01 -1.346188641473E-01 -1.367525965690E-01 -1.389124968534E-01
 -1.410988862809E-01 -1.433120953013E-01 -1.455524414447E-01 -1.478202645594E-01
 -1.501159041973E-01 -1.524396858677E-01 -1.547919697731E-01 -1.571730988459E-01
 -1.595834201876E-01 -1.620233038959E-01 -1.644930968798E-01 -1.669931735419E-01
 -1.695239098309E-01 -1.720856599865E-01 -1.746788263784E-01 -1.773037802776E-01
 -1.799609094835E-01 -1.826506231097E-01 -1.853732892947E-01 -1.881293392412E-01
 -1.909191698851E-01 -1.937431860579E-01 -1.966018290403E-01 -1.994954850975E-01
 -2.024246146925E-01 -2.053896385759E-01 -2.083909852652E-01 -2.114291283602E-01
 -2.145044673582E-01 -2.176175035324E-01 -2.207686729868E-01 -2.239584391813E-01
 -2.271873015429E-01 -2.304556789449E-01 -2.337641169430E-01 -2.371130568262E-01
 -2.405030151330E-01 -2.439344992378E-01 -2.474079741642E-01 -2.509240169282E-01
 -2.544830627261E-01 -2.580857094527E-01 -2.617324471484E-01 -2.654238157715E-01
 -2.691603935543E-01 -2.729426524347E-01 -2.767712496013E-01 -2.806466390385E-01
 -2.845694801612E-01 -2.885403004431E-01 -2.925596849488E-01 -2.966282690140E-01
 -3.007465505601E-01 -3.049152702071E-01 -3.091348744534E-01 -3.134061319269E-01
 -3.177295672307E-01 -3.221058570197E-01 -3.265356549293E-01 -3.310195296301E-01
 -3.355582813194E-01 -3.401523527321E-01 -3.448026568113E-01 -3.495096504197E-01
 -3.542741921474E-01 -3.590968701901E-01 -3.639784148655E-01 -3.689195852098E-01
 -3.739209611434E-01 -3.789834965565E-01 -3.841075961012E-01 -3.892943718773E-01
 -3.945442159799E-01 -3.998581920145E-01 -4.052368502689E-01 -4.106810845974E-01
 -4.161916637698E-01 -4.217692819042E-01 -4.274149585823E-01 -4.331291543567E-01
 -4.389131759960E-01 -4.447672123442E-01 -4.506927678637E-01 -4.566901079235E-01
 -4.627605576342E-01 -4.689046363723E-01 -4.751234212122E-01 -4.814177375727E-01
 -4.877883698080E-01 -4.942364971965E-01 -5.007625607503E-01 -5.073681476611E-01
 -5.140532982930E-01 -5.208199963175E-01 -5.276680341360E-01 -5.345994887248E-01
 -5.416143676212E-01 -5.487144183313E-01 -5.559000455539E-01 -5.631726033336E-01
 -5.705329616011E-01 -5.779820080333E-01 -5.855211552076E-01 -5.931507414532E-01
 -6.008728099647E-01 -6.086870553668E-01 -6.165962513615E-01 -6.245993416662E-01
 -6.326997235286E-01 -6.408961289816E-01 -6.491918680413E-01 -6.575860784580E-01
 -6.660815265963E-01 -6.746779785836E-01 -6.833775451752E-01 -6.921807389506E-01
 -7.010888867819E-01 -7.101033828192E-01 -7.192246232879E-01 -7.284550383370E-01
 -7.377939258458E-01 -7.472449282532E-01 -7.568060537021E-01 -7.664823579479E-01
 -7.762703412174E-01 -7.861765491488E-01 -7.961961828838E-01 -8.063365036574E-01
 -8.165930161053E-01 -8.269721305170E-01 -8.374703014845E-01 -8.480928862495E-01
 -8.588375003275E-01 -8.697082146836E-01 -8.807040490541E-01 -8.918275195621E-01
 -9.030793301639E-01 -9.144601335062E-01 -9.259726393759E-01 -9.376152829305E-01
 -9.493931485194E-01 -9.613020484678E-01 -9.733498637145E-01 -9.855293204158E-01
 -9.978515783316E-01 -1.010305748672E+00 -1.022906820177E+00 -1.035639686576E+00
 -1.048523487016E+00 -1.061539128015E+00 -1.074708214046E+00 -1.088011637107E+00
 -1.101469499497E+00 -1.115064269696E+00 -1.128814095503E+00 -1.142703485846E+00
 -1.156748108702E+00 -1.170935052442E+00 -1.185276897269E+00 -1.199763934934E+00
 -1.214404956574E+00 -1.229194177203E+00 -1.244135792382E+00 -1.259228768431E+00
 -1.274471780462E+00 -1.289869495797E+00 -1.305414011368E+00 -1.321116781734E+00
 -1.336962119110E+00 -1.352969504425E+00 -1.369114092342E+00 -1.385424800121E+00
 -1.401866066626E+00 -1.418477845829E+00 -1.435212096297E+00 -1.452121620838E+00
 -1.469143904370E+00 -1.486346645518E+00 -1.503650608931E+00 -1.521140695820E+00
 -1.538718424419E+00 -1.556486596700E+00 -1.574330336239E+00 -1.592362847380E+00
 -1.610465747183E+00 -1.628750547514E+00 -1.647100094234E+00 -1.665622949236E+00
 -1.684204434475E+00 -1.702948700466E+00 -1.721744999046E+00 -1.740691382290E+00
 -1.759682714368E+00 -1.778809013425E+00 -1.797972690284E+00 -1.817253521656E+00
 -1.836563675243E+00 -1.855970182733E+00 -1.875397479356E+00 -1.894897027967E+00
 -1.914408366950E+00 -1.933964222693E+00 -1.953522421317E+00 -1.973093418932E+00
 -1.992656885602E+00 -2.012197087004E+00 -2.031719485343E+00 -2.051177832551E+00
 -2.070607740034E+00 -2.089927707481E+00 -2.109208273317E+00 -2.128327525803E+00
 -2.147396134043E+00 -2.166246198154E+00 -2.185034143534E+00 -2.203540102213E+00
 -2.221972287978E+00 -2.240052510033E+00 -2.258047178998E+00 -2.275613097743E+00
 -2.293081610159E+00 -2.310037568107E+00 -2.326884242456E+00 -2.343127421985E+00
 -2.359249457726E+00 -2.374669920946E+00 -2.389957425379E+00 -2.404438289999E+00
 -2.418774434816E+00 -2.432192216579E+00 -2.445453553320E+00 -2.457678709459E+00
 -2.469735676814E+00 -2.480633388897E+00 -2.491351048611E+00 -2.500782286850E+00
 -2.510021328623E+00 -2.517844243086E+00 -2.525441447794E+00 -2.531533988997E+00
 -2.537333672918E+00 -2.541566015259E+00 -2.545424179460E+00 -2.547659321262E+00
 -2.549436105032E+00 -2.549543142571E+00 -2.549106112691E+00 -2.546963746126E+00
 -2.544191761708E+00 -2.539692370049E+00 -2.534480055516E+00 -2.527534363939E+00
 -2.519797208285E+00 -2.510339554220E+00 -2.500019634127E+00 -2.488013815247E+00
 -2.475086111552E+00 -2.460531767606E+00 -2.445011007650E+00 -2.427950447768E+00
 -2.409898358694E+00 -2.390423694761E+00 -2.369956493469E+00 -2.348216877070E+00
 -2.325512749668E+00 -2.301721433557E+00 -2.277027669540E+00 -2.251468523394E+00
 -2.225107866397E+00 -2.198140870013E+00 -2.170516527223E+00 -2.142581642068E+00
 -2.114180258610E+00 -2.085798941510E+00 -2.057190695981E+00 -2.028964169192E+00
 -2.000798985944E+00 -1.973402220967E+00 -1.946400931274E+00 -1.920571149093E+00
 -1.895510280622E+00 -1.872028635060E+00 -1.849717390127E+00 -1.829382411430E+00
 -1.810630347614E+00 -1.794221725438E+00 -1.779795738943E+00 -1.768027189886E+00
 -1.758596720549E+00 -1.752057128490E+00 -1.748127207190E+00 -1.747210118615E+00
 -1.749043193215E+00 -1.753866354161E+00 -1.761396098555E+00 -1.771715413253E+00
 -1.784459433335E+00 -1.799586043498E+00 -1.816570226741E+00 -1.835306098023E+00
 -1.855022247007E+00 -1.875639717993E+00 -1.896071332360E+00 -1.916376897869E+00
 -1.935147226933E+00 -1.952691215927E+00 -1.967415243552E+00 -1.979939401354E+00
 -1.988900141936E+00 -1.995157482782E+00 -1.998480572250E+00 -1.999620149783E+00
 -2.000124520161E+00 -2.000094286799E+00 -2.000000000000E+00 -2.000000000000E+00
 -2.000000000000E+00 -2.000000000000E+00 -2.000000000000E+00 -2.000000000000E+00
 -2.000000000000E+00 -2.000000000000E+00 -2.000000000000E+00 -2.000000000000E+00
 -2.000000000000E+00 -2.000000000000E+00 -2.000000000000E+00 -2.000000000000E+00
 -2.000000000000E+00 -2.000000000000E+00 -2.000000000000E+00 -2.000000000000E+00
 -2.000000000000E+00 -2.000000000000E+00 -2.000000000000E+00 -2.000000000000E+00
 -2.000000000000E+00 -2.000000000000E+00 -2.000000000000E+00 -2.000000000000E+00
 -2.000000000000E+00 -2.000000000000E+00 -2.000000000000E+00 -2.000000000000E+00
 -2.000000000000E+00 -2.000000000000E+00 -2.000000000000E+00 -2.000000000000E+00
 -2.000000000000E+00 -2.000000000000E+00 -2.000000000000E+00 -2.000000000000E+00
 -2.000000000000E+00 -2.000000000000E+00 -2.000000000000E+00 -2.000000000000E+00
 -2.000000000000E+00 -2.000000000000E+00 -2.000000000000E+00 -2.000000000000E+00
 -2.000000000000E+00 -2.000000000000E+00 -2.000000000000E+00 -2.000000000000E+00
 -2.000000000000E+00 -2.000000000000E+00 -2.000000000000E+00 -2.000000000000E+00
 -2.000000000000E+00 -2.000000000000E+00 -2.000000000000E+00 -2.000000000000E+00
 -2.000000000000E+00 -2.000000000000E+00 -2.000000000000E+00 -2.000000000000E+00
 -2.000000000000E+00 -2.000000000000E+00 -2.000000000000E+00 -2.000000000000E+00
 -2.000000000000E+00 -2.000000000000E+00 -2.000000000000E+00 -2.000000000000E+00
 -2.000000000000E+00 -2.000000000000E+00 -2.000000000000E+00 -2.000000000000E+00
 -2.000000000000E+00 -2.000000000000E+00 -2.000000000000E+00 -2.000000000000E+00
 -2.000000000000E+00 -2.000000000000E+00 -2.000000000000E+00 -2.000000000000E+00
 -2.000000000000E+00 -2.000000000000E+00 -2.000000000000E+00 -2.000000000000E+00
 -2.000000000000E+00 -2.000000000000E+00 -2.000000000000E+00 -2.000000000000E+00
 -2.000000000000E+00 -2.000000000000E+00 -2.000000000000E+00 -2.000000000000E+00
 -2.000000000000E+00 -2.000000000000E+00 -2.000000000000E+00 -2.000000000000E+00
 -2.000000000000E+00 -2.000000000000E+00 -2.000000000000E+00 -2.000000000000E+00
 -2.000000000000E+00 -2.000000000000E+00 -2.000000000000E+00 -2.000000000000E+00
 -2.000000000000E+00 -2.000000000000E+00 -2.000000000000E+00 -2.000000000000E+00
 -2.000000000000E+00 -2.000000000000E+00 -2.000000000000E+00 -2.000000000000E+00
 -2.000000000000E+00 -2.000000000000E+00 -2.000000000000E+00 -2.000000000000E+00
 -2.000000000000E+00 -2.000000000000E+00 -2.000000000000E+00 -2.000000000000E+00
 -2.000000000000E+00 -2.000000000000E+00 -2.000000000000E+00 -2.000000000000E+00
 -2.000000000000E+00 -2.000000000000E+00 -2.000000000000E+00 -2.000000000000E+00
 -2.000000000000E+00 -2.000000000000E+00 -2.000000000000E+00 -2.000000000000E+00
 -2.000000000000E+00 -2.000000000000E+00 -2.000000000000E+00 -2.000000000000E+00
 -2.000000000000E+00 -2.000000000000E+00 -2.000000000000E+00 -2.000000000000E+00
 -2.000000000000E+00 -2.000000000000E+00 -2.000000000000E+00 -2.000000000000E+00
 -2.000000000000E+00 -2.000000000000E+00 -2.000000000000E+00 -2.000000000000E+00
 -2.000000000000E+00 -2.000000000000E+00 -2.000000000000E+00 -2.000000000000E+00
 -2.000000000000E+00 -2.000000000000E+00 -2.000000000000E+00 -2.000000000000E+00
 -2.000000000000E+00 -2.000000000000E+00 -2.000000000000E+00 -2.000000000000E+00
 -2.000000000000E+00 -2.000000000000E+00 -2.000000000000E+00 -2.000000000000E+00
 -2.000000000000E+00 -2.000000000000E+00 -2.000000000000E+00 -2.000000000000E+00
 -2.000000000000E+00 -2.000000000000E+00 -2.000000000000E+00 -2.000000000000E+00
 -2.000000000000E+00 -2.000000000000E+00 -2.000000000000E+00 -2.000000000000E+00
 -2.000000000000E+00 -2.000000000000E+00 -2.000000000000E+00 -2.000000000000E+00
 -2.000000000000E+00 -2.000000000000E+00 -2.000000000000E+00 -2.000000000000E+00
 -2.000000000000E+00 -2.000000000000E+00 -2.000000000000E+00 -2.000000000000E+00
 -2.000000000000E+00 -2.000000000000E+00 -2.000000000000E+00 -2.000000000000E+00
 -2.000000000000E+00 -2.000000000000E+00 -2.000000000000E+00 -2.000000000000E+00
 -2.000000000000E+00 -2.000000000000E+00 -2.000000000000E+00 -2.000000000000E+00
 -2.000000000000E+00 -2.000000000000E+00 -2.000000000000E+00 -2.000000000000E+00
 -2.000000000000E+00 -2.000000000000E+00 -2.000000000000E+00 -2.000000000000E+00
 -2.000000000000E+00 -2.000000000000E+00 -2.000000000000E+00 -2.000000000000E+00
 -2.000000000000E+00 -2.000000000000E+00 -2.000000000000E+00 -2.000000000000E+00
 -2.000000000000E+00 -2.000000000000E+00 -2.000000000000E+00 -2.000000000000E+00
 -2.000000000000E+00 -2.000000000000E+00 -2.000000000000E+00 -2.000000000000E+00
 -2.000000000000E+00 -2.000000000000E+00 -2.000000000000E+00 -2.000000000000E+00
 -2.000000000000E+00 -2.000000000000E+00 -2.000000000000E+00 -2.000000000000E+00
 -2.000000000000E+00 -2.000000000000E+00 -2.000000000000E+00 -2.000000000000E+00
 -2.000000000000E+00 -2.000000000000E+00 -2.000000000000E+00 -2.000000000000E+00
 -2.000000000000E+00 -2.000000000000E+00 -2.000000000000E+00 -2.000000000000E+00
 -2.000000000000E+00 -2.000000000000E+00 -2.000000000000E+00 -2.000000000000E+00
 -2.000000000000E+00 -2.000000000000E+00 -2.000000000000E+00 -2.000000000000E+00
 -2.000000000000E+00 -2.000000000000E+00 -2.000000000000E+00 -2.000000000000E+00
 -2.000000000000E+00 -2.000000000000E+00 -2.000000000000E+00 -2.000000000000E+00
 -2.000000000000E+00 -2.000000000000E+00 -2.000000000000E+00 -2.000000000000E+00
 -2.000000000000E+00 -2.000000000000E+00 -2.000000000000E+00 -2.000000000000E+00
 -2.000000000000E+00 -2.000000000000E+00 -2.000000000000E+00 -2.000000000000E+00
 -2.000000000000E+00 -2.000000000000E+00 -2.000000000000E+00 -2.000000000000E+00
 -2.000000000000E+00 -2.000000000000E+00 -2.000000000000E+00 -2.000000000000E+00
 -2.000000000000E+00 -2.000000000000E+00 -2.000000000000E+00 -2.000000000000E+00
 -2.000000000000E+00 -2.000000000000E+00 -2.000000000000E+00 -2.000000000000E+00
 -2.000000000000E+00 -2.000000000000E+00 -2.000000000000E+00 -2.000000000000E+00
 -2.000000000000E+00 -2.000000000000E+00 -2.000000000000E+00 -2.000000000000E+00
 -2.000000000000E+00 -2.000000000000E+00 -2.000000000000E+00 -2.000000000000E+00
 -2.000000000000E+00 -2.000000000000E+00 -2.000000000000E+00 -2.000000000000E+00
 -2.000000000000E+00 -2.000000000000E+00 -2.000000000000E+00 -2.000000000000E+00
 -2.000000000000E+00 -2.000000000000E+00 -2.000000000000E+00 -2.000000000000E+00
 -2.000000000000E+00 -2.000000000000E+00 -2.000000000000E+00 -2.000000000000E+00
 -2.000000000000E+00 -2.000000000000E+00 -2.000000000000E+00 -2.000000000000E+00
 -2.000000000000E+00 -2.000000000000E+00 -2.000000000000E+00 -2.000000000000E+00
 -2.000000000000E+00 -2.000000000000E+00 -2.000000000000E+00 -2.000000000000E+00
 -2.000000000000E+00 -2.000000000000E+00 -2.000000000000E+00 -2.000000000000E+00
 -2.000000000000E+00
 Core charge follows
  0.000000000000E+00  0.000000000000E+00  0.000000000000E+00  0.000000000000E+00
  0.000000000000E+00  0.000000000000E+00  0.000000000000E+00  0.000000000000E+00
  0.000000000000E+00  0.000000000000E+00  0.000000000000E+00  0.000000000000E+00
  0.000000000000E+00  0.000000000000E+00  0.000000000000E+00  0.000000000000E+00
  0.000000000000E+00  0.000000000000E+00  0.000000000000E+00  0.000000000000E+00
  0.000000000000E+00  0.000000000000E+00  0.000000000000E+00  0.000000000000E+00
  0.000000000000E+00  0.000000000000E+00  0.000000000000E+00  0.000000000000E+00
  0.000000000000E+00  0.000000000000E+00  0.000000000000E+00  0.000000000000E+00
  0.000000000000E+00  0.000000000000E+00  0.000000000000E+00  0.000000000000E+00
  0.000000000000E+00  0.000000000000E+00  0.000000000000E+00  0.000000000000E+00
  0.000000000000E+00  0.000000000000E+00  0.000000000000E+00  0.000000000000E+00
  0.000000000000E+00  0.000000000000E+00  0.000000000000E+00  0.000000000000E+00
  0.000000000000E+00  0.000000000000E+00  0.000000000000E+00  0.000000000000E+00
  0.000000000000E+00  0.000000000000E+00  0.000000000000E+00  0.000000000000E+00
  0.000000000000E+00  0.000000000000E+00  0.000000000000E+00  0.000000000000E+00
  0.000000000000E+00  0.000000000000E+00  0.000000000000E+00  0.000000000000E+00
  0.000000000000E+00  0.000000000000E+00  0.000000000000E+00  0.000000000000E+00
  0.000000000000E+00  0.000000000000E+00  0.000000000000E+00  0.000000000000E+00
  0.000000000000E+00  0.000000000000E+00  0.000000000000E+00  0.000000000000E+00
  0.000000000000E+00  0.000000000000E+00  0.000000000000E+00  0.000000000000E+00
  0.000000000000E+00  0.000000000000E+00  0.000000000000E+00  0.000000000000E+00
  0.000000000000E+00  0.000000000000E+00  0.000000000000E+00  0.000000000000E+00
  0.000000000000E+00  0.000000000000E+00  0.000000000000E+00  0.000000000000E+00
  0.000000000000E+00  0.000000000000E+00  0.000000000000E+00  0.000000000000E+00
  0.000000000000E+00  0.000000000000E+00  0.000000000000E+00  0.000000000000E+00
  0.000000000000E+00  0.000000000000E+00  0.000000000000E+00  0.000000000000E+00
  0.000000000000E+00  0.000000000000E+00  0.000000000000E+00  0.000000000000E+00
  0.000000000000E+00  0.000000000000E+00  0.000000000000E+00  0.000000000000E+00
  0.000000000000E+00  0.000000000000E+00  0.000000000000E+00  0.000000000000E+00
  0.000000000000E+00  0.000000000000E+00  0.000000000000E+00  0.000000000000E+00
  0.000000000000E+00  0.000000000000E+00  0.000000000000E+00  0.000000000000E+00
  0.000000000000E+00  0.000000000000E+00  0.000000000000E+00  0.000000000000E+00
  0.000000000000E+00  0.000000000000E+00  0.000000000000E+00  0.000000000000E+00
  0.000000000000E+00  0.000000000000E+00  0.000000000000E+00  0.000000000000E+00
  0.000000000000E+00  0.000000000000E+00  0.000000000000E+00  0.000000000000E+00
  0.000000000000E+00  0.000000000000E+00  0.000000000000E+00  0.000000000000E+00
  0.000000000000E+00  0.000000000000E+00  0.000000000000E+00  0.000000000000E+00
  0.000000000000E+00  0.000000000000E+00  0.000000000000E+00  0.000000000000E+00
  0.000000000000E+00  0.000000000000E+00  0.000000000000E+00  0.000000000000E+00
  0.000000000000E+00  0.000000000000E+00  0.000000000000E+00  0.000000000000E+00
  0.000000000000E+00  0.000000000000E+00  0.000000000000E+00  0.000000000000E+00
  0.000000000000E+00  0.000000000000E+00  0.000000000000E+00  0.000000000000E+00
  0.000000000000E+00  0.000000000000E+00  0.000000000000E+00  0.000000000000E+00
  0.000000000000E+00  0.000000000000E+00  0.000000000000E+00  0.000000000000E+00
  0.000000000000E+00  0.000000000000E+00  0.000000000000E+00  0.000000000000E+00
  0.000000000000E+00  0.000000000000E+00  0.000000000000E+00  0.000000000000E+00
  0.000000000000E+00  0.000000000000E+00  0.000000000000E+00  0.000000000000E+00
  0.000000000000E+00  0.000000000000E+00  0.000000000000E+00  0.000000000000E+00
  0.000000000000E+00  0.000000000000E+00  0.000000000000E+00  0.000000000000E+00
  0.000000000000E+00  0.000000000000E+00  0.000000000000E+00  0.000000000000E+00
  0.000000000000E+00  0.000000000000E+00  0.000000000000E+00  0.000000000000E+00
  0.000000000000E+00  0.000000000000E+00  0.000000000000E+00  0.000000000000E+00
  0.000000000000E+00  0.000000000000E+00  0.000000000000E+00  0.000000000000E+00
  0.000000000000E+00  0.000000000000E+00  0.000000000000E+00  0.000000000000E+00
  0.000000000000E+00  0.000000000000E+00  0.000000000000E+00  0.000000000000E+00
  0.000000000000E+00  0.000000000000E+00  0.000000000000E+00  0.000000000000E+00
  0.000000000000E+00  0.000000000000E+00  0.000000000000E+00  0.000000000000E+00
  0.000000000000E+00  0.000000000000E+00  0.000000000000E+00  0.000000000000E+00
  0.000000000000E+00  0.000000000000E+00  0.000000000000E+00  0.000000000000E+00
  0.000000000000E+00  0.000000000000E+00  0.000000000000E+00  0.000000000000E+00
  0.000000000000E+00  0.000000000000E+00  0.000000000000E+00  0.000000000000E+00
  0.000000000000E+00  0.000000000000E+00  0.000000000000E+00  0.000000000000E+00
  0.000000000000E+00  0.000000000000E+00  0.000000000000E+00  0.000000000000E+00
  0.000000000000E+00  0.000000000000E+00  0.000000000000E+00  0.000000000000E+00
  0.000000000000E+00  0.000000000000E+00  0.000000000000E+00  0.000000000000E+00
  0.000000000000E+00  0.000000000000E+00  0.000000000000E+00  0.000000000000E+00
  0.000000000000E+00  0.000000000000E+00  0.000000000000E+00  0.000000000000E+00
  0.000000000000E+00  0.000000000000E+00  0.000000000000E+00  0.000000000000E+00
  0.000000000000E+00  0.000000000000E+00  0.000000000000E+00  0.000000000000E+00
  0.000000000000E+00  0.000000000000E+00  0.000000000000E+00  0.000000000000E+00
  0.000000000000E+00  0.000000000000E+00  0.000000000000E+00  0.000000000000E+00
  0.000000000000E+00  0.000000000000E+00  0.000000000000E+00  0.000000000000E+00
  0.000000000000E+00  0.000000000000E+00  0.000000000000E+00  0.000000000000E+00
  0.000000000000E+00  0.000000000000E+00  0.000000000000E+00  0.000000000000E+00
  0.000000000000E+00  0.000000000000E+00  0.000000000000E+00  0.000000000000E+00
  0.000000000000E+00  0.000000000000E+00  0.000000000000E+00  0.000000000000E+00
  0.000000000000E+00  0.000000000000E+00  0.000000000000E+00  0.000000000000E+00
  0.000000000000E+00  0.000000000000E+00  0.000000000000E+00  0.000000000000E+00
  0.000000000000E+00  0.000000000000E+00  0.000000000000E+00  0.000000000000E+00
  0.000000000000E+00  0.000000000000E+00  0.000000000000E+00  0.000000000000E+00
  0.000000000000E+00  0.000000000000E+00  0.000000000000E+00  0.000000000000E+00
  0.000000000000E+00  0.000000000000E+00  0.000000000000E+00  0.000000000000E+00
  0.000000000000E+00  0.000000000000E+00  0.000000000000E+00  0.000000000000E+00
  0.000000000000E+00  0.000000000000E+00  0.000000000000E+00  0.000000000000E+00
  0.000000000000E+00  0.000000000000E+00  0.000000000000E+00  0.000000000000E+00
  0.000000000000E+00  0.000000000000E+00  0.000000000000E+00  0.000000000000E+00
  0.000000000000E+00  0.000000000000E+00  0.000000000000E+00  0.000000000000E+00
  0.000000000000E+00  0.000000000000E+00  0.000000000000E+00  0.000000000000E+00
  0.000000000000E+00  0.000000000000E+00  0.000000000000E+00  0.000000000000E+00
  0.000000000000E+00  0.000000000000E+00  0.000000000000E+00  0.000000000000E+00
  0.000000000000E+00  0.000000000000E+00  0.000000000000E+00  0.000000000000E+00
  0.000000000000E+00  0.000000000000E+00  0.000000000000E+00  0.000000000000E+00
  0.000000000000E+00  0.000000000000E+00  0.000000000000E+00  0.000000000000E+00
  0.000000000000E+00  0.000000000000E+00  0.000000000000E+00  0.000000000000E+00
  0.000000000000E+00  0.000000000000E+00  0.000000000000E+00  0.000000000000E+00
  0.000000000000E+00  0.000000000000E+00  0.000000000000E+00  0.000000000000E+00
  0.000000000000E+00  0.000000000000E+00  0.000000000000E+00  0.000000000000E+00
  0.000000000000E+00  0.000000000000E+00  0.000000000000E+00  0.000000000000E+00
  0.000000000000E+00  0.000000000000E+00  0.000000000000E+00  0.000000000000E+00
  0.000000000000E+00  0.000000000000E+00  0.000000000000E+00  0.000000000000E+00
  0.000000000000E+00  0.000000000000E+00  0.000000000000E+00  0.000000000000E+00
  0.000000000000E+00  0.000000000000E+00  0.000000000000E+00  0.000000000000E+00
  0.000000000000E+00  0.000000000000E+00  0.000000000000E+00  0.000000000000E+00
  0.000000000000E+00  0.000000000000E+00  0.000000000000E+00  0.000000000000E+00
  0.000000000000E+00  0.000000000000E+00  0.000000000000E+00  0.000000000000E+00
  0.000000000000E+00  0.000000000000E+00  0.000000000000E+00  0.000000000000E+00
  0.000000000000E+00  0.000000000000E+00  0.000000000000E+00  0.000000000000E+00
  0.000000000000E+00  0.000000000000E+00  0.000000000000E+00  0.000000000000E+00
  0.000000000000E+00  0.000000000000E+00  0.000000000000E+00  0.000000000000E+00
  0.000000000000E+00  0.000000000000E+00  0.000000000000E+00  0.000000000000E+00
  0.000000000000E+00  0.000000000000E+00  0.000000000000E+00  0.000000000000E+00
  0.000000000000E+00  0.000000000000E+00  0.000000000000E+00  0.000000000000E+00
  0.000000000000E+00  0.000000000000E+00  0.000000000000E+00  0.000000000000E+00
  0.000000000000E+00  0.000000000000E+00  0.000000000000E+00  0.000000000000E+00
  0.000000000000E+00  0.000000000000E+00  0.000000000000E+00  0.000000000000E+00
  0.000000000000E+00  0.000000000000E+00  0.000000000000E+00  0.000000000000E+00
  0.000000000000E+00  0.000000000000E+00  0.000000000000E+00  0.000000000000E+00
  0.000000000000E+00  0.000000000000E+00  0.000000000000E+00  0.000000000000E+00
  0.000000000000E+00  0.000000000000E+00  0.000000000000E+00  0.000000000000E+00
  0.000000000000E+00  0.000000000000E+00  0.000000000000E+00  0.000000000000E+00
  0.000000000000E+00  0.000000000000E+00  0.000000000000E+00  0.000000000000E+00
  0.000000000000E+00  0.000000000000E+00  0.000000000000E+00  0.000000000000E+00
  0.000000000000E+00  0.000000000000E+00  0.000000000000E+00  0.000000000000E+00
  0.000000000000E+00  0.000000000000E+00  0.000000000000E+00  0.000000000000E+00
  0.000000000000E+00  0.000000000000E+00  0.000000000000E+00  0.000000000000E+00
  0.000000000000E+00  0.000000000000E+00  0.000000000000E+00  0.000000000000E+00
  0.000000000000E+00  0.000000000000E+00  0.000000000000E+00  0.000000000000E+00
  0.000000000000E+00  0.000000000000E+00  0.000000000000E+00  0.000000000000E+00
  0.000000000000E+00  0.000000000000E+00  0.000000000000E+00  0.000000000000E+00
  0.000000000000E+00  0.000000000000E+00  0.000000000000E+00  0.000000000000E+00
  0.000000000000E+00  0.000000000000E+00  0.000000000000E+00  0.000000000000E+00
  0.000000000000E+00  0.000000000000E+00  0.000000000000E+00  0.000000000000E+00
  0.000000000000E+00  0.000000000000E+00  0.000000000000E+00  0.000000000000E+00
  0.000000000000E+00  0.000000000000E+00  0.000000000000E+00  0.000000000000E+00
  0.000000000000E+00  0.000000000000E+00  0.000000000000E+00  0.000000000000E+00
  0.000000000000E+00  0.000000000000E+00  0.000000000000E+00  0.000000000000E+00
  0.000000000000E+00  0.000000000000E+00  0.000000000000E+00  0.000000000000E+00
  0.000000000000E+00  0.000000000000E+00  0.000000000000E+00  0.000000000000E+00
  0.000000000000E+00  0.000000000000E+00  0.000000000000E+00  0.000000000000E+00
  0.000000000000E+00  0.000000000000E+00  0.000000000000E+00  0.000000000000E+00
  0.000000000000E+00  0.000000000000E+00  0.000000000000E+00  0.000000000000E+00
  0.000000000000E+00  0.000000000000E+00  0.000000000000E+00  0.000000000000E+00
  0.000000000000E+00  0.000000000000E+00  0.000000000000E+00  0.000000000000E+00
  0.000000000000E+00  0.000000000000E+00  0.000000000000E+00  0.000000000000E+00
  0.000000000000E+00  0.000000000000E+00  0.000000000000E+00  0.000000000000E+00
  0.000000000000E+00  0.000000000000E+00  0.000000000000E+00  0.000000000000E+00
  0.000000000000E+00  0.000000000000E+00  0.000000000000E+00  0.000000000000E+00
  0.000000000000E+00  0.000000000000E+00  0.000000000000E+00  0.000000000000E+00
  0.000000000000E+00  0.000000000000E+00  0.000000000000E+00  0.000000000000E+00
  0.000000000000E+00  0.000000000000E+00  0.000000000000E+00  0.000000000000E+00
  0.000000000000E+00  0.000000000000E+00  0.000000000000E+00  0.000000000000E+00
  0.000000000000E+00  0.000000000000E+00  0.000000000000E+00  0.000000000000E+00
  0.000000000000E+00  0.000000000000E+00  0.000000000000E+00  0.000000000000E+00
  0.000000000000E+00  0.000000000000E+00  0.000000000000E+00  0.000000000000E+00
  0.000000000000E+00  0.000000000000E+00  0.000000000000E+00  0.000000000000E+00
  0.000000000000E+00  0.000000000000E+00  0.000000000000E+00  0.000000000000E+00
  0.000000000000E+00  0.000000000000E+00  0.000000000000E+00  0.000000000000E+00
  0.000000000000E+00  0.000000000000E+00  0.000000000000E+00  0.000000000000E+00
  0.000000000000E+00  0.000000000000E+00  0.000000000000E+00  0.000000000000E+00
  0.000000000000E+00  0.000000000000E+00  0.000000000000E+00  0.000000000000E+00
  0.000000000000E+00  0.000000000000E+00  0.000000000000E+00  0.000000000000E+00
  0.000000000000E+00  0.000000000000E+00  0.000000000000E+00  0.000000000000E+00
  0.000000000000E+00  0.000000000000E+00  0.000000000000E+00  0.000000000000E+00
  0.000000000000E+00  0.000000000000E+00  0.000000000000E+00  0.000000000000E+00
  0.000000000000E+00  0.000000000000E+00  0.000000000000E+00  0.000000000000E+00
  0.000000000000E+00  0.000000000000E+00  0.000000000000E+00  0.000000000000E+00
  0.000000000000E+00  0.000000000000E+00  0.000000000000E+00  0.000000000000E+00
  0.000000000000E+00  0.000000000000E+00  0.000000000000E+00  0.000000000000E+00
  0.000000000000E+00  0.000000000000E+00  0.000000000000E+00  0.000000000000E+00
  0.000000000000E+00  0.000000000000E+00  0.000000000000E+00  0.000000000000E+00
  0.000000000000E+00  0.000000000000E+00  0.000000000000E+00  0.000000000000E+00
  0.000000000000E+00  0.000000000000E+00  0.000000000000E+00  0.000000000000E+00
  0.000000000000E+00  0.000000000000E+00  0.000000000000E+00  0.000000000000E+00
  0.000000000000E+00  0.000000000000E+00  0.000000000000E+00  0.000000000000E+00
  0.000000000000E+00  0.000000000000E+00  0.000000000000E+00  0.000000000000E+00
  0.000000000000E+00  0.000000000000E+00  0.000000000000E+00  0.000000000000E+00
  0.000000000000E+00  0.000000000000E+00  0.000000000000E+00  0.000000000000E+00
  0.000000000000E+00  0.000000000000E+00  0.000000000000E+00  0.000000000000E+00
  0.000000000000E+00  0.000000000000E+00  0.000000000000E+00  0.000000000000E+00
  0.000000000000E+00  0.000000000000E+00  0.000000000000E+00  0.000000000000E+00
  0.000000000000E+00  0.000000000000E+00  0.000000000000E+00  0.000000000000E+00
  0.000000000000E+00  0.000000000000E+00  0.000000000000E+00  0.000000000000E+00
  0.000000000000E+00  0.000000000000E+00  0.000000000000E+00  0.000000000000E+00
  0.000000000000E+00  0.000000000000E+00  0.000000000000E+00  0.000000000000E+00
  0.000000000000E+00  0.000000000000E+00  0.000000000000E+00  0.000000000000E+00
  0.000000000000E+00  0.000000000000E+00  0.000000000000E+00  0.000000000000E+00
  0.000000000000E+00  0.000000000000E+00  0.000000000000E+00  0.000000000000E+00
  0.000000000000E+00  0.000000000000E+00  0.000000000000E+00  0.000000000000E+00
  0.000000000000E+00  0.000000000000E+00  0.000000000000E+00  0.000000000000E+00
  0.000000000000E+00  0.000000000000E+00  0.000000000000E+00  0.000000000000E+00
  0.000000000000E+00  0.000000000000E+00  0.000000000000E+00  0.000000000000E+00
  0.000000000000E+00  0.000000000000E+00  0.000000000000E+00  0.000000000000E+00
  0.000000000000E+00  0.000000000000E+00  0.000000000000E+00  0.000000000000E+00
  0.000000000000E+00
 Valence charge follows
  1.230827675427E-08  4.983928143230E-08  1.135218843061E-07  2.043116531819E-07
  3.231915589140E-07  4.711726989098E-07  6.492950390788E-07  8.586281746867E-07
  1.100272110590E-06  1.375358061336E-06  1.685049271625E-06  2.030541857652E-06
  2.413065669837E-06  2.833885177497E-06  3.294300375994E-06  3.795647716933E-06
  4.339301061981E-06  4.926672660901E-06  5.559214154405E-06  6.238417602448E-06
  6.965816538606E-06  7.742987051175E-06  8.571548891677E-06  9.453166611447E-06
  1.038955072701E-05  1.138245891496E-05  1.243369723709E-05  1.354512139651E-05
  1.471863802556E-05  1.595620600628E-05  1.725983782425E-05  1.863160095668E-05
  2.007361929554E-05  2.158807460666E-05  2.317720802565E-05  2.484332159162E-05
  2.658877981958E-05  2.841601131253E-05  3.032751041419E-05  3.232583890345E-05
  3.441362773151E-05  3.659357880280E-05  3.886846680080E-05  4.124114105985E-05
  4.371452748409E-05  4.629163051474E-05  4.897553514688E-05  5.176940899701E-05
  5.467650442265E-05  5.770016069519E-05  6.084380622748E-05  6.411096085738E-05
  6.750523818872E-05  7.103034799112E-05  7.469009866007E-05  7.848839973889E-05
  8.244416576264E-05  8.653190884754E-05  9.076966489058E-05  9.516151559069E-05
  9.971152773909E-05  1.044237417286E-04  1.093106978053E-04  1.143796675714E-04
  1.196275255054E-04  1.250585923446E-04  1.306771336810E-04  1.364873429618E-04
  1.424933228691E-04  1.486990649602E-04  1.551084274435E-04  1.617269007205E-04
  1.686144950339E-04  1.757252903465E-04  1.830631632693E-04  1.906317741165E-04
  1.984345344530E-04  2.064745718883E-04  2.148512974698E-04  2.234842695552E-04
  2.323759532322E-04  2.415291390932E-04  2.509466734765E-04  2.607659231799E-04
  2.708694590864E-04  2.812595250048E-04  2.919378225651E-04  3.030070509809E-04
  3.144545819157E-04  3.262140595035E-04  3.382862170372E-04  3.507875914916E-04
  3.637201732523E-04  3.769899338572E-04  3.905962579340E-04  4.047392897664E-04
  4.193062379841E-04  4.342346404742E-04  4.495766901129E-04  4.655472377688E-04
  4.819050204596E-04  4.986465563948E-04  5.160490354405E-04  5.339505222737E-04
  5.522610723259E-04  5.711733137392E-04  5.907401098745E-04  6.107416670594E-04
  6.313089837043E-04  6.526702093491E-04  6.744920567202E-04  6.968738900244E-04
  7.201663812012E-04  7.439452402627E-04  7.683165688299E-04  7.936850359101E-04
  8.195651644664E-04  8.461180510566E-04  8.737151843656E-04  9.018484119888E-04
  9.307937024868E-04  9.607802125727E-04  9.913259000230E-04  1.022895089256E-03
  1.055439667482E-03  1.088564574344E-03  1.123011854954E-03  1.158291037909E-03
  1.194222371528E-03  1.231773592416E-03  1.269971511206E-03  1.309207282627E-03
  1.349851689852E-03  1.391159682647E-03  1.434020999423E-03  1.477961127058E-03
  1.522701435225E-03  1.569416731517E-03  1.616862193046E-03  1.665766990721E-03
  1.716195373795E-03  1.767362091510E-03  1.820837168848E-03  1.875207192146E-03
  1.931061050345E-03  1.988807463324E-03  2.047353349990E-03  2.108458915437E-03
  2.170626914034E-03  2.234472339865E-03  2.300457356170E-03  2.367299491198E-03
  2.437180912299E-03  2.508113451791E-03  2.581150561412E-03  2.656392707842E-03
  2.732736837587E-03  2.812518929449E-03  2.893282507685E-03  2.976892731877E-03
  3.062515581067E-03  3.149934588135E-03  3.240675358958E-03  3.332442957697E-03
  3.428216178239E-03  3.525455191802E-03  3.625614810928E-03  3.728615264013E-03
  3.833371533228E-03  3.942438013206E-03  4.052646899825E-03  4.167463591429E-03
  4.284148885106E-03  4.404258659048E-03  4.527761280029E-03  4.653417631577E-03
  4.784095478396E-03  4.916020720628E-03  5.053792724538E-03  5.193367863059E-03
  5.337525501747E-03  5.485150342428E-03  5.635998978550E-03  5.792093052132E-03
  5.949952514512E-03  6.114955983092E-03  6.281397131925E-03  6.454535826546E-03
  6.630460680498E-03  6.811667640428E-03  6.997566671900E-03  7.187226580817E-03
  7.383614110155E-03  7.582129699839E-03  7.789544958010E-03  7.998570727640E-03
  8.216346040865E-03  8.437090314954E-03  8.665051019916E-03  8.898112955258E-03
  9.136742435325E-03  9.382749806134E-03  9.632553820012E-03  9.892164242018E-03
  1.015367188440E-02  1.042757407730E-02  1.070335301888E-02  1.099025385997E-02
  1.128118950106E-02  1.158153723530E-02  1.188839191827E-02  1.220281937848E-02
  1.252639084515E-02  1.285555949477E-02  1.319668229705E-02  1.354128338520E-02
  1.390083032774E-02  1.426246255094E-02  1.464046968761E-02  1.502159772368E-02
  1.541730853861E-02  1.581889404420E-02  1.623313122107E-02  1.665617884778E-02
  1.708980106678E-02  1.753535999764E-02  1.798926325165E-02  1.845842875039E-02
  1.893354767977E-02  1.942746264737E-02  1.992477188993E-02  2.044462842174E-02
  2.096699818386E-02  2.151218490951E-02  2.206192333002E-02  2.263248595111E-02
  2.321089633349E-02  2.380798326805E-02  2.441642283086E-02  2.504122929709E-02
  2.568111062055E-02  2.633487996209E-02  2.700767238118E-02  2.769169736111E-02
  2.839892829057E-02  2.911455234324E-02  2.985780851818E-02  3.060642694701E-02
  3.138735556067E-02  3.217122968128E-02  3.299072638665E-02  3.381418577338E-02
  3.467119435274E-02  3.553601708654E-02  3.643215084893E-02  3.734017786032E-02
  3.827710662636E-02  3.923024212599E-02  4.020969275605E-02  4.120990442659E-02
  4.223366116138E-02  4.328298007582E-02  4.435288466139E-02  4.545340488953E-02
  4.657135645588E-02  4.772523431698E-02  4.889318897638E-02  5.010264189220E-02
  5.132261202012E-02  5.258991691819E-02  5.386397007650E-02  5.519146128923E-02
  5.652252978516E-02  5.791178534813E-02  5.930563644589E-02  6.075550266655E-02
  6.221457794561E-02  6.372732362778E-02  6.525411099503E-02  6.683204768184E-02
  6.842907645058E-02  7.007455413328E-02  7.174438923845E-02  7.345979131237E-02
  7.520502657698E-02  7.699276397074E-02  7.881601433341E-02  8.067851873264E-02
  8.258241134124E-02  8.452212742408E-02  8.650929149596E-02  8.852866809299E-02
  9.060172343819E-02  9.270320352595E-02  9.486474762612E-02  9.705075705980E-02
  9.930335059336E-02  1.015762854817E-01  1.039224361839E-01  1.062846488074E-01
  1.087267935542E-01  1.111805767274E-01  1.137210617337E-01  1.162686315120E-01
  1.189096905389E-01  1.215547011558E-01  1.242968976463E-01  1.270446419224E-01
  1.298866216421E-01  1.327390086499E-01  1.356824708884E-01  1.386412152857E-01
  1.416876680729E-01  1.447542592348E-01  1.479049903432E-01  1.510806591609E-01
  1.543367049773E-01  1.576223883231E-01  1.609845005928E-01  1.643808034896E-01
  1.678494139733E-01  1.713565695485E-01  1.749317526689E-01  1.785495800259E-01
  1.822310136310E-01  1.859588738321E-01  1.897457982561E-01  1.935825486810E-01
  1.974737243489E-01  2.014176717749E-01  2.054113356686E-01  2.094601885095E-01
  2.135540098980E-01  2.177048301408E-01  2.218958660678E-01  2.261450215608E-01
  2.304296726860E-01  2.347727905525E-01  2.391467580522E-01  2.435786801378E-01
  2.480369244901E-01  2.525516658877E-01  2.570883684907E-01  2.616790803301E-01
  2.662876090301E-01  2.709465468618E-01  2.756194265958E-01  2.803379258332E-01
  2.850668157150E-01  2.898352757279E-01  2.946109540195E-01  2.994188325763E-01
  3.042311910865E-01  3.090670109230E-01  3.139050604474E-01  3.187564297804E-01
  3.236083182388E-01  3.284619670327E-01  3.333150119566E-01  3.381568456795E-01
  3.429975826431E-01  3.478127550991E-01  3.526263677224E-01  3.574000101478E-01
  3.621707730873E-01  3.668877503593E-01  3.715996125942E-01  3.762441807528E-01
  3.808806979742E-01  3.854368547654E-01  3.899813493636E-01  3.944329985964E-01
  3.988687404944E-01  4.031998747596E-01  4.075102813539E-01  4.117051809089E-01
  4.158740333886E-01  4.199174780324E-01  4.239291502457E-01  4.278066399477E-01
  4.316463347998E-01  4.353443137149E-01  4.389983008441E-01  4.425043782017E-01
  4.459602254391E-01  4.492633856630E-01  4.525101755942E-01  4.556009689654E-01
  4.586294908431E-01  4.615001951214E-01  4.643031015151E-01  4.669478442619E-01
  4.695197612475E-01  4.719345922324E-01  4.742721717389E-01  4.764550748593E-01
  4.785569780876E-01  4.805078127880E-01  4.823746145378E-01  4.840949779040E-01
  4.857289833076E-01  4.872219859639E-01  4.886269536925E-01  4.898969055083E-01
  4.910776751713E-01  4.921296807684E-01  4.930917071706E-01  4.939311765379E-01
  4.946799799556E-01  4.953120663569E-01  4.958526162728E-01  4.962816023186E-01
  4.966176623564E-01  4.968463257639E-01  4.969797999510E-01  4.970088031212E-01
  4.969391378546E-01  4.967664995242E-01  4.964902108752E-01  4.961109326209E-01
  4.956213429910E-01  4.950272759231E-01  4.943145540220E-01  4.934945974362E-01
  4.925461951071E-01  4.914869123891E-01  4.902884716583E-01  4.889751790756E-01
  4.875119293603E-01  4.859302459059E-01  4.841888058025E-01  4.823265271444E-01
  4.802968427885E-01  4.781457937471E-01  4.758226542492E-01  4.733798487738E-01
  4.707630940227E-01  4.680302410426E-01  4.651232010776E-01  4.621045034601E-01
  4.589121237523E-01  4.556127490604E-01  4.521411839669E-01  4.485676180885E-01
  4.448243507996E-01  4.409843665124E-01  4.369781612852E-01  4.328807656372E-01
  4.286216422580E-01  4.242770703231E-01  4.197762822969E-01  4.151959697531E-01
  4.104659686632E-01  4.056625153326E-01  4.007169048507E-01  3.957040276418E-01
  3.905575064926E-01  3.853499815167E-01  3.800182753125E-01  3.746318691325E-01
  3.691316511396E-01  3.635830412273E-01  3.579318422777E-01  3.522385269119E-01
  3.464546348408E-01  3.406348328455E-01  3.347371820245E-01  3.288097229306E-01
  3.228177746633E-01  3.168019800764E-01  3.107355948356E-01  3.046511519973E-01
  2.985304546986E-01  2.923972834417E-01  2.862425231598E-01  2.800806376638E-01
  2.739120432699E-01  2.677414100410E-01  2.615790442181E-01  2.554194390108E-01
  2.492830513645E-01  2.431539150276E-01  2.370627973845E-01  2.309830946567E-01
  2.249559403980E-01  2.189440227122E-01  2.129987921779E-01  2.070722667573E-01
  2.012260608443E-01  1.954016680999E-01  1.896706119995E-01  1.839641131036E-01
  1.783632519334E-01  1.727893282513E-01  1.673325360835E-01  1.619047018929E-01
  1.566046053819E-01  1.513351350065E-01  1.462030524737E-01  1.411029226255E-01
  1.361488190950E-01  1.312276668564E-01  1.264601251589E-01  1.217262216744E-01
  1.171524293703E-01  1.126126689603E-01  1.082384204901E-01  1.038983245715E-01
  9.972803773521E-02  9.559177264270E-02  9.162851826133E-02  8.769892582339E-02
  8.394446924033E-02  8.022310878769E-02  7.667796174479E-02  7.316516211404E-02
  6.982864348188E-02  6.652356353220E-02  6.339386738566E-02  6.029456356566E-02
  5.736883316870E-02  5.447233274749E-02  5.174673913442E-02  4.904911783613E-02
  4.651894183583E-02  4.401540477474E-02  4.167512150313E-02  3.936008649162E-02
  3.720345151690E-02  3.507063399153E-02  3.309077053839E-02  3.113326950311E-02
  2.932275619000E-02  2.753314069462E-02  2.588409937990E-02  2.425449512472E-02
  2.275867846689E-02  2.128085414546E-02  1.992973246042E-02  1.859518542353E-02
  1.738003235498E-02  1.618007310722E-02  1.509204952827E-02  1.401788446868E-02
  1.304811992189E-02  1.209093162910E-02  1.123060250683E-02  1.038162676633E-02
  9.622030353436E-03  8.872629048385E-03  8.205252508924E-03  7.546981460361E-03
  6.963564861195E-03  6.388235719181E-03  5.880828248681E-03  5.380563605635E-03
  4.941572265229E-03  4.508853284996E-03  4.131083496632E-03  3.758789519866E-03
  3.435477293216E-03  3.116917080314E-03  2.841752605553E-03  2.570687098959E-03
  2.337829859707E-03  2.108486573430E-03  1.912572295714E-03  1.719651657550E-03
  1.555791612054E-03  1.394465781244E-03  1.258239127694E-03  1.124143978017E-03
  1.011583975443E-03  9.008050644686E-04  8.083800654028E-04  7.174335012436E-04
  6.420237007765E-04  5.678328674338E-04  5.067037910858E-04  4.465729041771E-04
  3.973465954154E-04  3.489320353999E-04  3.095568495955E-04  2.708371647836E-04
  2.395569975656E-04  2.088023902876E-04  1.841260712080E-04  1.598680840001E-04
  1.405395577209E-04  1.215415687060E-04  1.065113717129E-04  9.174039552242E-05
  8.013882215034E-05  6.873900012662E-05  5.985124205872E-05  5.111929758986E-05
  4.436273964342E-05  3.772557488200E-05  3.262933947606E-05  2.762386096339E-05
  2.381061589961E-05  2.006580041007E-05  1.723578032272E-05  1.445692935161E-05
  1.237407047692E-05  1.032915227219E-05  8.809202503517E-06  7.317143828788E-06
  6.217584338181E-06  5.138349227604E-06  4.349948881118E-06  3.576227153442E-06
  3.016044961541E-06  2.466367653435E-06  2.072019925181E-06  1.685120453007E-06
  1.410136525590E-06  1.140383678079E-06  9.504855244855E-07  7.642258056256E-07
  6.343810860609E-07  5.070420965372E-07  4.191561021479E-07  3.329783806678E-07
  2.741068155627E-07  2.163878730888E-07  1.773687351264E-07  1.391191250043E-07
  1.135374800606E-07  8.846407171900E-08  7.187785520842E-08  5.562361395912E-08
  4.499148114350E-08  3.457375291921E-08  2.783731197521E-08  2.123775040082E-08
  1.702023007245E-08  1.288906742703E-08  1.028065329330E-08  7.726066514926E-09
  6.132899695145E-09  4.572870443418E-09  3.612186654983E-09  2.671645980151E-09
  2.099904435110E-09  1.540249100486E-09  1.204526126777E-09  8.759592592679E-10
  6.815205938516E-10  4.912616583796E-10  3.802269060157E-10  2.715996321555E-10
  2.091024297079E-10  1.479722426961E-10  1.133117864905E-10  7.941627732218E-11
  6.048312982254E-11  4.197166158889E-11  3.178893100058E-11  2.183511266913E-11
  1.644503058373E-11  1.117727638921E-11  8.370286954565E-12  5.627625107720E-12
  4.190071368804E-12  2.785791462196E-12  2.062068835273E-12  1.355268413902E-12
  9.972508365322E-13  6.476916928473E-13  4.737383797237E-13  3.039386482801E-13
  2.209603720023E-13  1.399850274680E-13  1.011430053469E-13  6.324902217071E-14
  4.541528385167E-14  2.802180027969E-14  1.999433532487E-14  1.216736188341E-14
  8.626597490109E-15  5.175326938883E-15  3.645719558807E-15  2.155248628282E-15
  1.508398771779E-15  8.783076534769E-16  6.106756021529E-16  3.500669581562E-16
  2.417868250289E-16  1.363858810515E-16  9.357111214131E-17  5.191025476968E-17
  3.537435883648E-17  1.929032871405E-17  1.305607490729E-17  6.994621668297E-18
  3.503611548468E-18  5.659532223743E-20  0.000000000000E+00  0.000000000000E+00
  0.000000000000E+00  0.000000000000E+00  0.000000000000E+00  0.000000000000E+00
  0.000000000000E+00  0.000000000000E+00  0.000000000000E+00  0.000000000000E+00
  0.000000000000E+00  0.000000000000E+00  0.000000000000E+00  0.000000000000E+00
  0.000000000000E+00  0.000000000000E+00  0.000000000000E+00  0.000000000000E+00
  0.000000000000E+00  0.000000000000E+00  0.000000000000E+00  0.000000000000E+00
  0.000000000000E+00  0.000000000000E+00  0.000000000000E+00  0.000000000000E+00
  0.000000000000E+00  0.000000000000E+00  0.000000000000E+00  0.000000000000E+00
  0.000000000000E+00  0.000000000000E+00  0.000000000000E+00  0.000000000000E+00
  0.000000000000E+00  0.000000000000E+00  0.000000000000E+00  0.000000000000E+00
  0.000000000000E+00  0.000000000000E+00  0.000000000000E+00  0.000000000000E+00
  0.000000000000E+00  0.000000000000E+00  0.000000000000E+00  0.000000000000E+00
  0.000000000000E+00  0.000000000000E+00  0.000000000000E+00  0.000000000000E+00
  0.000000000000E+00  0.000000000000E+00  0.000000000000E+00  0.000000000000E+00
  0.000000000000E+00  0.000000000000E+00  0.000000000000E+00  0.000000000000E+00
  0.000000000000E+00  0.000000000000E+00  0.000000000000E+00  0.000000000000E+00
  0.000000000000E+00  0.000000000000E+00  0.000000000000E+00  0.000000000000E+00
  0.000000000000E+00  0.000000000000E+00  0.000000000000E+00  0.000000000000E+00
  0.000000000000E+00  0.000000000000E+00  0.000000000000E+00  0.000000000000E+00
  0.000000000000E+00
 Pseudo-wave-function follows (l, zelect, rc)
 0  1.000000000000E+00  1.307872013342E+00
  1.109426732789E-04  2.232471308490E-04  3.369300881579E-04  4.520084658299E-04
  5.684993921844E-04  6.864202057849E-04  8.057884580203E-04  9.266219157168E-04
  1.048938563782E-03  1.172756607884E-03  1.298094477157E-03  1.424970826948E-03
  1.553404541592E-03  1.683414737222E-03  1.815020764618E-03  1.948242212081E-03
  2.083098908353E-03  2.219610925568E-03  2.357798582238E-03  2.497682446279E-03
  2.639283338069E-03  2.782622333551E-03  2.927720767368E-03  3.074600236038E-03
  3.223282601171E-03  3.373789992718E-03  3.526144812269E-03  3.680369736387E-03
  3.836487719981E-03  3.994521999724E-03  4.154496097513E-03  4.316433823967E-03
  4.480359281971E-03  4.646296870268E-03  4.814271287085E-03  4.984307533812E-03
  5.156430918725E-03  5.330667060746E-03  5.507041893266E-03  5.685581667996E-03
  5.866312958879E-03  6.049262666044E-03  6.234458019812E-03  6.421926584745E-03
  6.611696263750E-03  6.803795302237E-03  6.998252292314E-03  7.195096177051E-03
  7.394356254783E-03  7.596062183473E-03  7.800243985125E-03  8.006932050254E-03
  8.216157142407E-03  8.427950402744E-03  8.642343354673E-03  8.859367908541E-03
  9.079464566237E-03  9.301845026292E-03  9.526931748652E-03  9.754753291122E-03
  9.985335706689E-03  1.021870255459E-02  1.045507961941E-02  1.069454899065E-02
  1.093694872651E-02  1.118229804305E-02  1.143061403692E-02  1.168191163149E-02
  1.193620351727E-02  1.219350008665E-02  1.245380936318E-02  1.271717209457E-02
  1.298467213154E-02  1.325530795368E-02  1.352908194667E-02  1.380599387227E-02
  1.408604077043E-02  1.436921685620E-02  1.465715315291E-02  1.494834637998E-02
  1.524277499372E-02  1.554042652324E-02  1.584129279592E-02  1.614743975046E-02
  1.645690865267E-02  1.676967973222E-02  1.708572968676E-02  1.740648524467E-02
  1.773162813580E-02  1.806013674577E-02  1.839197935100E-02  1.872867030778E-02
  1.907009475259E-02  1.941493105827E-02  1.976313814532E-02  2.011716358710E-02
  2.047544840893E-02  2.083717175241E-02  2.120292517858E-02  2.157511555316E-02
  2.195080700229E-02  2.232994167730E-02  2.271554186557E-02  2.310565525046E-02
  2.349926200948E-02  2.389836437268E-02  2.430335547472E-02  2.471188350494E-02
  2.512524983645E-02  2.554557622392E-02  2.596947589946E-02  2.639789653501E-02
  2.683401727142E-02  2.727373979430E-02  2.771803577225E-02  2.817041100241E-02
  2.862640792089E-02  2.908743314022E-02  2.955652355720E-02  3.002924616420E-02
  3.050788955214E-02  3.099415574676E-02  3.148405435974E-02  3.198124205920E-02
  3.248514375249E-02  3.299266687480E-02  3.350936445999E-02  3.403135961810E-02
  3.455733789190E-02  3.509416770842E-02  3.563471153902E-02  3.618173274131E-02
  3.673760012362E-02  3.729714395236E-02  3.786628143337E-02  3.844164740313E-02
  3.902143164551E-02  3.961301208378E-02  4.020833243953E-02  4.081193680708E-02
  4.142399103761E-02  4.203971493984E-02  4.266833556020E-02  4.330132241468E-02
  4.394210348624E-02  4.459277753111E-02  4.524714745595E-02  4.591484278922E-02
  4.658745032549E-02  4.726829685352E-02  4.795958784141E-02  4.865457859764E-02
  4.936436516462E-02  5.007861146926E-02  5.080260463207E-02  5.153657479012E-02
  5.227514615596E-02  5.302931884310E-02  5.378728496672E-02  5.455771208382E-02
  5.533648761441E-02  5.612264153312E-02  5.692272884580E-02  5.772655720820E-02
  5.854692562539E-02  5.937269490915E-02  6.021001444805E-02  6.105825145109E-02
  6.191295171648E-02  6.278419461799E-02  6.365920572315E-02  6.455151265313E-02
  6.545019460415E-02  6.636121461945E-02  6.728413101804E-02  6.821433075179E-02
  6.916205710381E-02  7.011353600720E-02  7.108503667303E-02  7.206202651271E-02
  7.305415553452E-02  7.405725803644E-02  7.507052180618E-02  7.610035103175E-02
  7.713526621234E-02  7.819244868357E-02  7.925342784259E-02  8.033471717785E-02
  8.142380062509E-02  8.252834595163E-02  8.364618713366E-02  8.477454792135E-02
  8.592181300087E-02  8.707455968714E-02  8.825192760487E-02  8.943306993860E-02
  9.063780422838E-02  9.184984949598E-02  9.308074018636E-02  9.432439429506E-02
  9.558205691881E-02  9.685803854311E-02  9.814310004542E-02  9.945214059232E-02
  1.007652393781E-01  1.021080829244E-01  1.034547008116E-01  1.048272720862E-01
  1.062085527640E-01  1.076111385719E-01  1.090278518444E-01  1.104611366465E-01
  1.119140644724E-01  1.133787441055E-01  1.148686803792E-01  1.163654619643E-01
  1.178932122531E-01  1.194246270958E-01  1.209891953034E-01  1.225593352826E-01
  1.241581867380E-01  1.257678796842E-01  1.274017651458E-01  1.290518492638E-01
  1.307215297757E-01  1.324128531393E-01  1.341190997038E-01  1.358525196806E-01
  1.375961128790E-01  1.393724954801E-01  1.411542250371E-01  1.429744441849E-01
  1.447982527411E-01  1.466600451804E-01  1.485286505547E-01  1.504309921119E-01
  1.523452798800E-01  1.542889912316E-01  1.562498518003E-01  1.582357595582E-01
  1.602440870055E-01  1.622730228316E-01  1.643297136258E-01  1.664025132506E-01
  1.685084648372E-01  1.706259669720E-01  1.727820762199E-01  1.749451213576E-01
  1.771522828522E-01  1.793628114134E-01  1.816208161200E-01  1.838833403032E-01
  1.861894002197E-01  1.885048001904E-01  1.908597483327E-01  1.932288953003E-01
  1.956335584481E-01  1.980573121869E-01  2.005125088078E-01  2.029917149594E-01
  2.054982529469E-01  2.080337400882E-01  2.105924143032E-01  2.131849907647E-01
  2.157965803642E-01  2.184470307810E-01  2.211122963221E-01  2.238213779011E-01
  2.265410582033E-01  2.293094966884E-01  2.320843054400E-01  2.349127907549E-01
  2.377442162225E-01  2.406325943984E-01  2.435247121588E-01  2.464701635878E-01
  2.494235682252E-01  2.524266662609E-01  2.554419004447E-01  2.585031718936E-01
  2.615807204750E-01  2.647006403032E-01  2.678409239853E-01  2.710199096431E-01
  2.742232782049E-01  2.774616835518E-01  2.807284086040E-01  2.840265174143E-01
  2.873567846684E-01  2.907148036990E-01  2.941087047290E-01  2.975267563319E-01
  3.009842798125E-01  3.044623940753E-01  3.079834164795E-01  3.115215228780E-01
  3.151057986219E-01  3.187037171717E-01  3.223508681945E-01  3.260083000909E-01
  3.297178048665E-01  3.334343226043E-01  3.372055045803E-01  3.409805415496E-01
  3.448125570198E-01  3.486463094547E-01  3.525372220005E-01  3.564306315807E-01
  3.603774048068E-01  3.643292344338E-01  3.683306305199E-01  3.723394350265E-01
  3.763940173989E-01  3.804581293616E-01  3.845642494013E-01  3.886817645587E-01
  3.928375479533E-01  3.970063103060E-01  4.012096431145E-01  4.054272297963E-01
  4.096757443129E-01  4.139394503473E-01  4.182305108689E-01  4.225373339460E-01
  4.268680225676E-01  4.312146480030E-01  4.355817505926E-01  4.399645366601E-01
  4.443645291867E-01  4.487794930457E-01  4.532085284667E-01  4.576513329421E-01
  4.621052288850E-01  4.665711703934E-01  4.710453979016E-01  4.755293958580E-01
  4.800190695063E-01  4.845156575861E-01  4.890155273101E-01  4.935188469845E-01
  4.980232920053E-01  5.025270888117E-01  5.070301140778E-01  5.115277371299E-01
  5.160229727367E-01  5.205073780170E-01  5.249880821015E-01  5.294518401180E-01
  5.339109057589E-01  5.383462141752E-01  5.427761808560E-01  5.471748827256E-01
  5.515679529401E-01  5.559215611833E-01  5.602696227676E-01  5.645693515215E-01
  5.688640062951E-01  5.731008097380E-01  5.773334090108E-01  5.814980282072E-01
  5.856597156632E-01  5.897427338936E-01  5.938230961460E-01  5.978164032057E-01
  6.018052936405E-01  6.057003940046E-01  6.095882990435E-01  6.133760949272E-01
  6.171535697242E-01  6.208250917415E-01  6.244828514336E-01  6.280293498998E-01
  6.315583687733E-01  6.349714117951E-01  6.383630293297E-01  6.416346064526E-01
  6.448806387548E-01  6.480032684926E-01  6.510961231301E-01  6.540629621995E-01
  6.569957538870E-01  6.598007054268E-01  6.625673694092E-01  6.652051868815E-01
  6.678005862269E-01  6.702669690979E-01  6.726869914627E-01  6.749786681611E-01
  6.772203069635E-01  6.793351000489E-01  6.813965144046E-01  6.833333823801E-01
  6.852139296766E-01  6.869729795032E-01  6.886732141679E-01  6.902556783360E-01
  6.917773102594E-01  6.931854823327E-01  6.945312886410E-01  6.957684115925E-01
  6.969420961232E-01  6.980121986536E-01  6.990181947216E-01  6.999258722273E-01
  7.007690862278E-01  7.015192253250E-01  7.022047216005E-01  7.028021703105E-01
  7.033348017123E-01  7.037839917666E-01  7.041679856895E-01  7.044725191166E-01
  7.047110356469E-01  7.048732549952E-01  7.049679422827E-01  7.049885125320E-01
  7.049390944324E-01  7.048166345885E-01  7.046205765152E-01  7.043513893604E-01
  7.040036989143E-01  7.035816569071E-01  7.030748839613E-01  7.024915351459E-01
  7.018160377186E-01  7.010609932461E-01  7.002055244193E-01  6.992671718459E-01
  6.982198095520E-01  6.970863529147E-01  6.958357244896E-01  6.944964679346E-01
  6.930330946868E-01  6.914797394461E-01  6.897971146942E-01  6.880245991030E-01
  6.861193619574E-01  6.841255412720E-01  6.819963845788E-01  6.797804719280E-01
  6.774268047189E-01  6.749882715097E-01  6.724099366217E-01  6.697487818312E-01
  6.669461601684E-01  6.640629058433E-01  6.610369039296E-01  6.579325796485E-01
  6.546846391125E-01  6.513608064842E-01  6.478929223718E-01  6.443516898498E-01
  6.406664248792E-01  6.369104619079E-01  6.330109591993E-01  6.290435084754E-01
  6.249335020986E-01  6.207583896244E-01  6.164422126549E-01  6.120638552941E-01
  6.075464450635E-01  6.029698552834E-01  5.982567554993E-01  5.934875429811E-01
  5.885849023909E-01  5.836292721893E-01  5.785438394718E-01  5.734085864154E-01
  5.681477010063E-01  5.628402000565E-01  5.574117786477E-01  5.519399709694E-01
  5.463524894755E-01  5.407248640271E-01  5.349873348778E-01  5.292129053959E-01
  5.233348499680E-01  5.174231271326E-01  5.114145439967E-01  5.053755037369E-01
  4.992468316999E-01  4.930908779573E-01  4.868529551370E-01  4.805908792575E-01
  4.742548983228E-01  4.678978345212E-01  4.614752945205E-01  4.550346721292E-01
  4.485373275726E-01  4.420248206958E-01  4.354646286072E-01  4.288921038921E-01
  4.222811696186E-01  4.156606329219E-01  4.090111555341E-01  4.023546983018E-01
  3.956789164338E-01  3.889986626240E-01  3.823088015833E-01  3.756168559357E-01
  3.689250768574E-01  3.622334752569E-01  3.555518269890E-01  3.488724895776E-01
  3.422128638612E-01  3.355575514303E-01  3.289316417877E-01  3.223119158301E-01
  3.157311803979E-01  3.091583670267E-01  3.026339953797E-01  2.961191531314E-01
  2.896620369443E-01  2.832159282880E-01  2.768366354833E-01  2.704697016664E-01
  2.641784535148E-01  2.579007921999E-01  2.517074426840E-01  2.455287876818E-01
  2.394428043173E-01  2.333725066157E-01  2.274029518632E-01  2.214499610954E-01
  2.156054734930E-01  2.097783189985E-01  2.040670932192E-01  1.983738639268E-01
  1.928036291012E-01  1.872519516102E-01  1.818299474649E-01  1.764269619125E-01
  1.711599125349E-01  1.659122460983E-01  1.608063314365E-01  1.557200696154E-01
  1.507808951327E-01  1.458615512635E-01  1.410941164665E-01  1.363466002110E-01
  1.317552670289E-01  1.271838528302E-01  1.227723150245E-01  1.183806117127E-01
  1.141518666189E-01  1.099427894636E-01  1.058991134049E-01  1.018748599374E-01
  9.801778860174E-02  9.417981947624E-02  9.051013442058E-02  8.685916045070E-02
  8.337688270334E-02  7.991285901272E-02  7.661725050116E-02  7.333937848584E-02
  7.022895174527E-02  6.713568927390E-02  6.420822560716E-02  6.129730560511E-02
  5.854988158647E-02  5.581833887639E-02  5.324736083296E-02  5.069156685117E-02
  4.829281272702E-02  4.590851751276E-02  4.367718533012E-02  4.145956599876E-02
  3.939032798110E-02  3.733404274818E-02  3.542110406238E-02  3.352035078189E-02
  3.175751179077E-02  3.000608990827E-02  2.838681079689E-02  2.677818559290E-02
  2.529565223838E-02  2.382302024531E-02  2.247021023671E-02  2.112656475010E-02
  1.989631252598E-02  1.867450819246E-02  1.755956834547E-02  1.645238389114E-02
  1.544549178636E-02  1.444569004564E-02  1.353961900728E-02  1.264000351972E-02
  1.182761795687E-02  1.102108551352E-02  1.029538947443E-02  9.574978113236E-03
  8.929158877554E-03  8.288090945481E-03  7.715557381332E-03  7.147277396762E-03
  6.641692922468E-03  6.139900083053E-03  5.695210179792E-03  5.253885465780E-03
  4.864339785773E-03  4.477767705896E-03  4.137936909719E-03  3.800722024443E-03
  3.505509559671E-03  3.212587994134E-03  2.957237095220E-03  2.703883320900E-03
  2.483979566543E-03  2.265808786168E-03  2.077278595261E-03  1.890245109681E-03
  1.729350590501E-03  1.569742559190E-03  1.433073148995E-03  1.297504177967E-03
  1.181965522252E-03  1.067363524916E-03  9.701640478164E-04  8.737578263973E-04
  7.923934371109E-04  7.116974255101E-04  6.439347909503E-04  5.767323853080E-04
  5.205911776358E-04  4.649170593721E-04  4.186515596728E-04  3.727733885705E-04
  3.348537958722E-04  2.972536189150E-04  2.663473781441E-04  2.357030644941E-04
  2.106564889796E-04  1.858234637952E-04  1.656438886169E-04  1.456373994183E-04
  1.294760623031E-04  1.134541723428E-04  1.005899798460E-04  8.783744431366E-05
  7.766174353545E-05  6.757488727553E-05  5.957732804850E-05  5.165000847853E-05
  4.540554841904E-05  3.921625509676E-05  3.437333058601E-05  2.957344382951E-05
  2.584330420550E-05  2.214650963825E-05  1.929368982917E-05  1.646652389582E-05
  1.430041244331E-05  1.215389585199E-05  1.052134087367E-05  8.903642686922E-06
  7.682526808198E-06  6.472590494016E-06  5.566301445691E-06  4.668360076082E-06
  4.001065782164E-06  3.339955303539E-06  2.852630229871E-06  2.369849187007E-06
  2.016925708288E-06  1.667313705898E-06  1.413907258978E-06  1.162893509846E-06
  9.825334061410E-07  8.038871107472E-07  6.766673028091E-07  5.506641318514E-07
  4.617514461038E-07  3.736945942647E-07  3.121388873829E-07  2.511795983317E-07
  2.089743078208E-07  1.671806832077E-07  1.385286620959E-07  1.101580061190E-07
  9.090375525186E-08  7.183988475693E-08  5.903512332501E-08  4.635785693377E-08
  3.793270722416E-08  2.959204134684E-08  2.410889325119E-08  1.868112482245E-08
  1.515245569653E-08  1.165968762558E-08  9.414774628108E-09  7.192872173639E-09
  5.781386076519E-09  4.384477344084E-09  3.507666983775E-09  2.639982386872E-09
  1.334513768028E-09  2.155696648645E-11  0.000000000000E+00  0.000000000000E+00
  0.000000000000E+00  0.000000000000E+00  0.000000000000E+00  0.000000000000E+00
  0.000000000000E+00  0.000000000000E+00  0.000000000000E+00  0.000000000000E+00
  0.000000000000E+00  0.000000000000E+00  0.000000000000E+00  0.000000000000E+00
  0.000000000000E+00  0.000000000000E+00  0.000000000000E+00  0.000000000000E+00
  0.000000000000E+00  0.000000000000E+00  0.000000000000E+00  0.000000000000E+00
  0.000000000000E+00  0.000000000000E+00  0.000000000000E+00  0.000000000000E+00
  0.000000000000E+00  0.000000000000E+00  0.000000000000E+00  0.000000000000E+00
  0.000000000000E+00  0.000000000000E+00  0.000000000000E+00  0.000000000000E+00
  0.000000000000E+00  0.000000000000E+00  0.000000000000E+00  0.000000000000E+00
  0.000000000000E+00  0.000000000000E+00  0.000000000000E+00  0.000000000000E+00
  0.000000000000E+00  0.000000000000E+00  0.000000000000E+00  0.000000000000E+00
  0.000000000000E+00  0.000000000000E+00  0.000000000000E+00  0.000000000000E+00
  0.000000000000E+00  0.000000000000E+00  0.000000000000E+00  0.000000000000E+00
  0.000000000000E+00  0.000000000000E+00  0.000000000000E+00  0.000000000000E+00
  0.000000000000E+00  0.000000000000E+00  0.000000000000E+00  0.000000000000E+00
  0.000000000000E+00  0.000000000000E+00  0.000000000000E+00  0.000000000000E+00
  0.000000000000E+00  0.000000000000E+00  0.000000000000E+00  0.000000000000E+00
  0.000000000000E+00  0.000000000000E+00  0.000000000000E+00  0.000000000000E+00
  0.000000000000E+00
