0.50000000000000E+01   3
  0.0000    0.0000    0.0000   0.0000
  0.0000    .00e+00   .00e+00
  0.0000    .00e+00   .00e+00
  0.0000    .00e+00   .00e+00
  0.0000    .00e+00   .00e+00
  0.0000    .00e+00   .00e+00
  0.0000    .00e+00   .00e+00
  0.0000    .00e+00   .00e+00
  0.0000    .00e+00   .00e+00
  0.0000    .00e+00   .00e+00
461  0.10247000000000E+01
   1 0.10416666666667E-02 0.10581113823061E-02 -.43189395306034E+01
   2 0.10673958333333E-02 0.10842467334491E-02 -.43189552625336E+01
   3 0.10937605104167E-02 0.11110276277653E-02 -.43189717456983E+01
   4 0.11207763950240E-02 0.11384700101711E-02 -.43189890184442E+01
   5 0.11484595719810E-02 0.11665902197202E-02 -.43190071210093E+01
   6 0.11768265234090E-02 0.11954049985723E-02 -.43190260956167E+01
   7 0.12058941385372E-02 0.12249315025765E-02 -.43190459865739E+01
   8 0.12356797237591E-02 0.12551873113569E-02 -.43190668403766E+01
   9 0.12662010129359E-02 0.12861904387506E-02 -.43190887058178E+01
  10 0.12974761779554E-02 0.13179593435374E-02 -.43191116341020E+01
  11 0.13295238395509E-02 0.13505129404298E-02 -.43191356789653E+01
  12 0.13623630783878E-02 0.13838706113342E-02 -.43191608968010E+01
  13 0.13960134464240E-02 0.14180522168913E-02 -.43191873467920E+01
  14 0.14304949785507E-02 0.14530781083003E-02 -.43192150910487E+01
  15 0.14658282045209E-02 0.14889691394361E-02 -.43192441947546E+01
  16 0.15020341611725E-02 0.15257466792656E-02 -.43192747263187E+01
  17 0.15391344049535E-02 0.15634326245699E-02 -.43193067575345E+01
  18 0.15771510247559E-02 0.16020494129824E-02 -.43193403637485E+01
  19 0.16161066550673E-02 0.16416200363468E-02 -.43193756240350E+01
  20 0.16560244894475E-02 0.16821680544074E-02 -.43194126213809E+01
  21 0.16969282943368E-02 0.17237176088352E-02 -.43194514428783E+01
  22 0.17388424232070E-02 0.17662934376024E-02 -.43194921799275E+01
  23 0.17817918310602E-02 0.18099208897111E-02 -.43195349284487E+01
  24 0.18258020892874E-02 0.18546259402853E-02 -.43195797891051E+01
  25 0.18708994008928E-02 0.19004352060369E-02 -.43196268675356E+01
  26 0.19171106160948E-02 0.19473759611129E-02 -.43196762745997E+01
  27 0.19644632483123E-02 0.19954761533338E-02 -.43197281266336E+01
  28 0.20129854905457E-02 0.20447644208343E-02 -.43197825457185E+01
  29 0.20627062321621E-02 0.20952701091136E-02 -.43198396599621E+01
  30 0.21136550760965E-02 0.21470232885076E-02 -.43198996037934E+01
  31 0.21658623564761E-02 0.22000547720930E-02 -.43199625182715E+01
  32 0.22193591566811E-02 0.22543961340330E-02 -.43200285514087E+01
  33 0.22741773278511E-02 0.23100797283760E-02 -.43200978585100E+01
  34 0.23303495078490E-02 0.23671387083199E-02 -.43201706025270E+01
  35 0.23879091406929E-02 0.24256070459505E-02 -.43202469544301E+01
  36 0.24468904964680E-02 0.24855195524692E-02 -.43203270935968E+01
  37 0.25073286917308E-02 0.25469118989187E-02 -.43204112082195E+01
  38 0.25692597104165E-02 0.26098206374222E-02 -.43204994957307E+01
  39 0.26327204252638E-02 0.26742832229459E-02 -.43205921632496E+01
  40 0.26977486197678E-02 0.27403380356000E-02 -.43206894280480E+01
  41 0.27643830106761E-02 0.28080244034903E-02 -.43207915180388E+01
  42 0.28326632710398E-02 0.28773826261338E-02 -.43208986722855E+01
  43 0.29026300538345E-02 0.29484539984535E-02 -.43210111415366E+01
  44 0.29743250161642E-02 0.30212808353653E-02 -.43211291887830E+01
  45 0.30477908440635E-02 0.30959064969727E-02 -.43212530898407E+01
  46 0.31230712779118E-02 0.31723754143832E-02 -.43213831339606E+01
  47 0.32002111384762E-02 0.32507331161633E-02 -.43215196244642E+01
  48 0.32792563535966E-02 0.33310262554463E-02 -.43216628794085E+01
  49 0.33602539855304E-02 0.34133026377098E-02 -.43218132322795E+01
  50 0.34432522589730E-02 0.34976112492399E-02 -.43219710327165E+01
  51 0.35283005897697E-02 0.35840022862977E-02 -.43221366472674E+01
  52 0.36154496143370E-02 0.36725271850074E-02 -.43223104601767E+01
  53 0.37047512198111E-02 0.37632386519811E-02 -.43224928742073E+01
  54 0.37962585749404E-02 0.38561906957021E-02 -.43226843114962E+01
  55 0.38900261617415E-02 0.39514386586818E-02 -.43228852144470E+01
  56 0.39861098079365E-02 0.40490392504117E-02 -.43230960466583E+01
  57 0.40845667201925E-02 0.41490505811295E-02 -.43233172938907E+01
  58 0.41854555181813E-02 0.42515321964191E-02 -.43235494650728E+01
  59 0.42888362694803E-02 0.43565451126655E-02 -.43237930933465E+01
  60 0.43947705253365E-02 0.44641518533854E-02 -.43240487371541E+01
  61 0.45033213573123E-02 0.45744164864552E-02 -.43243169813667E+01
  62 0.46145533948379E-02 0.46874046622594E-02 -.43245984384562E+01
  63 0.47285328636904E-02 0.48031836527804E-02 -.43248937497099E+01
  64 0.48453276254236E-02 0.49218223916550E-02 -.43252035864902E+01
  65 0.49650072177716E-02 0.50433915152197E-02 -.43255286515388E+01
  66 0.50876428960505E-02 0.51679634045701E-02 -.43258696803266E+01
  67 0.52133076755830E-02 0.52956122286604E-02 -.43262274424492E+01
  68 0.53420763751699E-02 0.54264139884662E-02 -.43266027430684E+01
  69 0.54740256616366E-02 0.55604465622394E-02 -.43269964243991E+01
  70 0.56092340954790E-02 0.56977897518810E-02 -.43274093672431E+01
  71 0.57477821776373E-02 0.58385253304592E-02 -.43278424925669E+01
  72 0.58897523974249E-02 0.59827370909021E-02 -.43282967631243E+01
  73 0.60352292816413E-02 0.61305108958929E-02 -.43287731851232E+01
  74 0.61842994448979E-02 0.62819347289984E-02 -.43292728099329E+01
  75 0.63370516411869E-02 0.64370987470607E-02 -.43297967358331E+01
  76 0.64935768167242E-02 0.65960953338825E-02 -.43303461097995E+01
  77 0.66539681640973E-02 0.67590191552405E-02 -.43309221293255E+01
  78 0.68183211777505E-02 0.69259672152569E-02 -.43315260442754E+01
  79 0.69867337108409E-02 0.70970389141641E-02 -.43321591587650E+01
  80 0.71593060334987E-02 0.72723361074969E-02 -.43328228330666E+01
  81 0.73361408925261E-02 0.74519631667476E-02 -.43335184855312E+01
  82 0.75173435725715E-02 0.76360270415193E-02 -.43342475945224E+01
  83 0.77030219588140E-02 0.78246373232157E-02 -.43350117003559E+01
  84 0.78932866011967E-02 0.80179063103048E-02 -.43358124072349E+01
  85 0.80882507802463E-02 0.82159490751947E-02 -.43366513851733E+01
  86 0.82880305745183E-02 0.84188835327635E-02 -.43375303718963E+01
  87 0.84927449297089E-02 0.86268305105813E-02 -.43384511747062E+01
  88 0.87025157294728E-02 0.88399138208688E-02 -.43394156723013E+01
  89 0.89174678679907E-02 0.90582603342344E-02 -.43404258165325E+01
  90 0.91377293243301E-02 0.92820000552329E-02 -.43414836340813E+01
  91 0.93634312386411E-02 0.95112661997928E-02 -.43425912280423E+01
  92 0.95947079902355E-02 0.97461952745570E-02 -.43437507793893E+01
  93 0.98316972775943E-02 0.99869271581848E-02 -.43449645483031E+01
  94 0.10074540200351E-01 0.10233605184663E-01 -.43462348753371E+01
  95 0.10323381343300E-01 0.10486376228680E-01 -.43475641823945E+01
  96 0.10578368862479E-01 0.10745390793102E-01 -.43489549734869E+01
  97 0.10839654573382E-01 0.11010803098623E-01 -.43504098352436E+01
  98 0.11107394041345E-01 0.11282771175625E-01 -.43519314371372E+01
  99 0.11381746674166E-01 0.11561456958308E-01 -.43535225313868E+01
 100 0.11662875817018E-01 0.11847026381151E-01 -.43551859524992E+01
 101 0.11950948849698E-01 0.12139649477758E-01 -.43569246164047E+01
 102 0.12246137286286E-01 0.12439500482148E-01 -.43587415191383E+01
 103 0.12548616877257E-01 0.12746757932548E-01 -.43606397350183E+01
 104 0.12858567714125E-01 0.13061604777754E-01 -.43626224142661E+01
 105 0.13176174336664E-01 0.13384228486127E-01 -.43646927800100E+01
 106 0.13501625842780E-01 0.13714821157278E-01 -.43668541246123E+01
 107 0.13835116001096E-01 0.14053579636521E-01 -.43691098052536E+01
 108 0.14176843366324E-01 0.14400705632156E-01 -.43714632387064E+01
 109 0.14527011397472E-01 0.14756405835652E-01 -.43739178952263E+01
 110 0.14885828578989E-01 0.15120892044806E-01 -.43764772914850E+01
 111 0.15253508544890E-01 0.15494381289952E-01 -.43791449824672E+01
 112 0.15630270205949E-01 0.15877095963284E-01 -.43819245522513E+01
 113 0.16016337880036E-01 0.16269263951392E-01 -.43848196035904E+01
 114 0.16411941425673E-01 0.16671118771071E-01 -.43878337462089E+01
 115 0.16817316378887E-01 0.17082899708492E-01 -.43909705837300E+01
 116 0.17232704093446E-01 0.17504851961822E-01 -.43942336991486E+01
 117 0.17658351884554E-01 0.17937226787375E-01 -.43976266387639E+01
 118 0.18094513176102E-01 0.18380281649379E-01 -.44011528944905E+01
 119 0.18541447651552E-01 0.18834280373457E-01 -.44048158844673E+01
 120 0.18999421408545E-01 0.19299493303904E-01 -.44086189318902E+01
 121 0.19468707117336E-01 0.19776197464868E-01 -.44125652420003E+01
 122 0.19949584183135E-01 0.20264676725515E-01 -.44166578771677E+01
 123 0.20442338912458E-01 0.20765221969299E-01 -.44208997300210E+01
 124 0.20947264683596E-01 0.21278131267418E-01 -.44252934945855E+01
 125 0.21464662121280E-01 0.21803710056573E-01 -.44298416354096E+01
 126 0.21994839275676E-01 0.22342271321133E-01 -.44345463546736E+01
 127 0.22538111805785E-01 0.22894135779825E-01 -.44394095572988E+01
 128 0.23094803167388E-01 0.23459632077043E-01 -.44444328140979E+01
 129 0.23665244805623E-01 0.24039096978914E-01 -.44496173230331E+01
 130 0.24249776352322E-01 0.24632875574221E-01 -.44549638686795E+01
 131 0.24848745828224E-01 0.25241321480319E-01 -.44604727800263E+01
 132 0.25462509850181E-01 0.25864797054161E-01 -.44661438867808E+01
 133 0.26091433843480E-01 0.26503673608564E-01 -.44719764743855E+01
 134 0.26735892259414E-01 0.27158331633849E-01 -.44779692379965E+01
 135 0.27396268798222E-01 0.27829161024985E-01 -.44841202357194E+01
 136 0.28072956637538E-01 0.28516561314378E-01 -.44904268414469E+01
 137 0.28766358666485E-01 0.29220941910457E-01 -.44968856976901E+01
 138 0.29476887725547E-01 0.29942722342178E-01 -.45034926688485E+01
 139 0.30204966852368E-01 0.30682332509624E-01 -.45102427954123E+01
 140 0.30951029533622E-01 0.31440212940833E-01 -.45171302496438E+01
 141 0.31715519963102E-01 0.32216815055029E-01 -.45241482933316E+01
 142 0.32498893306191E-01 0.33012601432398E-01 -.45312892382594E+01
 143 0.33301615970854E-01 0.33828046090597E-01 -.45385444100715E+01
 144 0.34124165885334E-01 0.34663634768145E-01 -.45459041162553E+01
 145 0.34967032782702E-01 0.35519865214889E-01 -.45533576189910E+01
 146 0.35830718492435E-01 0.36397247489714E-01 -.45608931136383E+01
 147 0.36715737239198E-01 0.37296304265688E-01 -.45684977136418E+01
 148 0.37622615949006E-01 0.38217571142817E-01 -.45761574426372E+01
 149 0.38551894562946E-01 0.39161596968631E-01 -.45838572345248E+01
 150 0.39504126358651E-01 0.40128944166774E-01 -.45915809422478E+01
 151 0.40479878279710E-01 0.41120189073819E-01 -.45993113559720E+01
 152 0.41479731273219E-01 0.42135922284513E-01 -.46070302312967E+01
 153 0.42504280635667E-01 0.43176749005671E-01 -.46147183280547E+01
 154 0.43554136367368E-01 0.44243289418943E-01 -.46223554601567E+01
 155 0.44629923535642E-01 0.45336179052673E-01 -.46299205568259E+01
 156 0.45732282646972E-01 0.46456069163105E-01 -.46373917354364E+01
 157 0.46861870028353E-01 0.47603627125152E-01 -.46447463860211E+01
 158 0.48019358218053E-01 0.48779536833001E-01 -.46519612673553E+01
 159 0.49205436366039E-01 0.49984499110793E-01 -.46590126143472E+01
 160 0.50420810644280E-01 0.51219232133647E-01 -.46658762562840E+01
 161 0.51666204667194E-01 0.52484471859300E-01 -.46725277452928E+01
 162 0.52942359922473E-01 0.53780972470632E-01 -.46789424941784E+01
 163 0.54250036212558E-01 0.55109506829380E-01 -.46850959226133E+01
 164 0.55590012107009E-01 0.56470866941312E-01 -.46909636104582E+01
 165 0.56963085406052E-01 0.57865864433182E-01 -.46965214568178E+01
 166 0.58370073615581E-01 0.59295331041769E-01 -.47017458432627E+01
 167 0.59811814433886E-01 0.60760119115321E-01 -.47066137994990E+01
 168 0.61289166250403E-01 0.62261102127741E-01 -.47111031696332E+01
 169 0.62803008656788E-01 0.63799175205839E-01 -.47151927770717E+01
 170 0.64354242970611E-01 0.65375255670022E-01 -.47188625860111E+01
 171 0.65943792771985E-01 0.66990283588758E-01 -.47220938574222E+01
 172 0.67572604453453E-01 0.68645222347207E-01 -.47248692974078E+01
 173 0.69241647783453E-01 0.70341059230381E-01 -.47271731958242E+01
 174 0.70951916483704E-01 0.72078806021242E-01 -.47289915531013E+01
 175 0.72704428820852E-01 0.73859499614130E-01 -.47303121932724E+01
 176 0.74500228212727E-01 0.75684202643946E-01 -.47311248613389E+01
 177 0.76340383849581E-01 0.77554004131516E-01 -.47314213032409E+01
 178 0.78225991330666E-01 0.79470020145570E-01 -.47311953268848E+01
 179 0.80158173316533E-01 0.81433394481810E-01 -.47304428428920E+01
 180 0.82138080197452E-01 0.83445299359500E-01 -.47291618839732E+01
 181 0.84166890778329E-01 0.85506936136097E-01 -.47273526021101E+01
 182 0.86245812980554E-01 0.87619536040386E-01 -.47250172430188E+01
 183 0.88376084561173E-01 0.89784360924636E-01 -.47221600976990E+01
 184 0.90558973849834E-01 0.92002704036297E-01 -.47187874312114E+01
 185 0.92795780503925E-01 0.94275890809776E-01 -.47149073891909E+01
 186 0.95087836282372E-01 0.96605279678813E-01 -.47105298829740E+01
 187 0.97436505838547E-01 0.98992262910053E-01 -.47056664546005E+01
 188 0.99843187532759E-01 0.10143826745834E+00 -.47003301233296E+01
 189 0.10230931426482E+00 0.10394475584433E+00 -.46945352156854E+01
 190 0.10483635432716E+00 0.10651322705505E+00 -.46882971814068E+01
 191 0.10742581227904E+00 0.10914521746789E+00 -.46816323980143E+01
 192 0.11007922984233E+00 0.11184230179876E+00 -.46745579670140E+01
 193 0.11279818681944E+00 0.11460609407490E+00 -.46670915050239E+01
 194 0.11558430203388E+00 0.11743824863305E+00 -.46592509333298E+01
 195 0.11843923429411E+00 0.12034046114345E+00 -.46510542695395E+01
 196 0.12136468338118E+00 0.12331446966038E+00 -.46425194251082E+01
 197 0.12436239106069E+00 0.12636205569967E+00 -.46336640125468E+01
 198 0.12743414211989E+00 0.12948504534392E+00 -.46245051660894E+01
 199 0.13058176543025E+00 0.13268531037570E+00 -.46150593795023E+01
 200 0.13380713503638E+00 0.13596476943934E+00 -.46053423645438E+01
 201 0.13711217127178E+00 0.13932538923172E+00 -.45953689333598E+01
 202 0.14049884190219E+00 0.14276918572227E+00 -.45851529078073E+01
 203 0.14396916329718E+00 0.14629822540254E+00 -.45747070583633E+01
 204 0.14752520163062E+00 0.14991462656532E+00 -.45640430748951E+01
 205 0.15116907411089E+00 0.15362056061340E+00 -.45531715711548E+01
 206 0.15490295024143E+00 0.15741825339767E+00 -.45421021244225E+01
 207 0.15872905311240E+00 0.16130998658405E+00 -.45308433512693E+01
 208 0.16264966072427E+00 0.16529809904874E+00 -.45194030199441E+01
 209 0.16666710734416E+00 0.16938498830050E+00 -.45077881994202E+01
 210 0.17078378489556E+00 0.17357311192873E+00 -.44960054446674E+01
 211 0.17500214438248E+00 0.17786498907535E+00 -.44840610172423E+01
 212 0.17932469734873E+00 0.18226320192791E+00 -.44719611398222E+01
 213 0.18375401737324E+00 0.18677039723105E+00 -.44597122828367E+01
 214 0.18829274160236E+00 0.19138928781206E+00 -.44473214808809E+01
 215 0.19294357231994E+00 0.19612265411573E+00 -.44347966761226E+01
 216 0.19770927855624E+00 0.20097334574252E+00 -.44221470854416E+01
 217 0.20259269773658E+00 0.20594428298241E+00 -.44093835875713E+01
 218 0.20759673737068E+00 0.21103845833554E+00 -.43965191260467E+01
 219 0.21272437678373E+00 0.21625893800874E+00 -.43835691233150E+01
 220 0.21797866889029E+00 0.22160886337449E+00 -.43705519009413E+01
 221 0.22336274201188E+00 0.22709145237677E+00 -.43574891004485E+01
 222 0.22887980173958E+00 0.23271000086460E+00 -.43444060989832E+01
 223 0.23453313284254E+00 0.23846788383059E+00 -.43313324136960E+01
 224 0.24032610122375E+00 0.24436855652758E+00 -.43183020884613E+01
 225 0.24626215592398E+00 0.25041555543113E+00 -.43053540563226E+01
 226 0.25234483117530E+00 0.25661249900974E+00 -.42925324707928E+01
 227 0.25857774850533E+00 0.26296308825782E+00 -.42798869988090E+01
 228 0.26496461889341E+00 0.26947110693779E+00 -.42674730676455E+01
 229 0.27150924498008E+00 0.27614042146872E+00 -.42553520573112E+01
 230 0.27821552333109E+00 0.28297498038711E+00 -.42435914287484E+01
 231 0.28508744675737E+00 0.28997881329273E+00 -.42322647763451E+01
 232 0.29212910669227E+00 0.29715602917730E+00 -.42214517906819E+01
 233 0.29934469562757E+00 0.30451081401573E+00 -.42112381139083E+01
 234 0.30673850960957E+00 0.31204742747977E+00 -.42017150655489E+01
 235 0.31431495079693E+00 0.31977019860963E+00 -.41929792108818E+01
 236 0.32207853008161E+00 0.32768352025226E+00 -.41851317374611E+01
 237 0.33003386977463E+00 0.33579184204310E+00 -.41782775983252E+01
 238 0.33818570635806E+00 0.34409966167184E+00 -.41725243737745E+01
 239 0.34653889330511E+00 0.35261151413124E+00 -.41679807987100E+01
 240 0.35509840396974E+00 0.36133195860019E+00 -.41647549014840E+01
 241 0.36386933454780E+00 0.37026556255795E+00 -.41629517059247E+01
 242 0.37285690711113E+00 0.37941688266471E+00 -.41626704644181E+01
 243 0.38206647271677E+00 0.38879044187360E+00 -.41640014210671E+01
 244 0.39150351459288E+00 0.39839070216065E+00 -.41670221545440E+01
 245 0.40117365140332E+00 0.40822203217058E+00 -.41717936239100E+01
 246 0.41108264059298E+00 0.41828866897810E+00 -.41783561382806E+01
 247 0.42123638181563E+00 0.42859467305511E+00 -.41867255884698E+01
 248 0.43164092044648E+00 0.43914387541459E+00 -.41968904032713E+01
 249 0.44230245118150E+00 0.44993981577190E+00 -.42088098017818E+01
 250 0.45322732172569E+00 0.46098567042373E+00 -.42224139717693E+01
 251 0.46442203657231E+00 0.47228416839730E+00 -.42376067698910E+01
 252 0.47589326087565E+00 0.48383749426738E+00 -.42542713705052E+01
 253 0.48764782441928E+00 0.49564717588243E+00 -.42722789595886E+01
 254 0.49969272568243E+00 0.50771395508715E+00 -.42915000872429E+01
 255 0.51203513600679E+00 0.52003763938452E+00 -.43118177158741E+01
 256 0.52468240386616E+00 0.53261693235653E+00 -.43331404453854E+01
 257 0.53764205924165E+00 0.54544924057111E+00 -.43554140120951E+01
 258 0.55092181810492E+00 0.55853045466023E+00 -.43786290892598E+01
 259 0.56452958701211E+00 0.57185470228262E+00 -.44028237475295E+01
 260 0.57847346781131E+00 0.58541407080972E+00 -.44280796396963E+01
 261 0.59276176246625E+00 0.59919829782836E+00 -.44545119138277E+01
 262 0.60740297799916E+00 0.61319442797841E+00 -.44822538088205E+01
 263 0.62240583155574E+00 0.62738643528359E+00 -.45114376152602E+01
 264 0.63777925559517E+00 0.64175481104521E+00 -.45421740323680E+01
 265 0.65353240320837E+00 0.65627611861098E+00 -.45745318797721E+01
 266 0.66967465356762E+00 0.67092251797302E+00 -.46085197124181E+01
 267 0.68621561751074E+00 0.68566126525984E+00 -.46440702962880E+01
 268 0.70316514326325E+00 0.70045419483578E+00 -.46810283040597E+01
 269 0.72053332230186E+00 0.71525719496774E+00 -.47191411172321E+01
 270 0.73833049536271E+00 0.73001969190770E+00 -.47580523440219E+01
 271 0.75656725859817E+00 0.74468416177912E+00 -.47972975873498E+01
 272 0.77525446988555E+00 0.75918569481160E+00 -.48363020881942E+01
 273 0.79440325529172E+00 0.77345164213072E+00 -.48743800711213E+01
 274 0.81402501569742E+00 0.78740138127570E+00 -.49107358757907E+01
 275 0.83413143358515E+00 0.80094624255578E+00 -.49444672265197E+01
 276 0.85473447999470E+00 0.81398964378097E+00 -.49745712411452E+01
 277 0.87584642165057E+00 0.82642748514652E+00 -.49999539913505E+01
 278 0.89747982826534E+00 0.83814885824611E+00 -.50194445870266E+01
 279 0.91964758002349E+00 0.84903712226893E+00 -.50318148569952E+01
 280 0.94236287525008E+00 0.85897139516382E+00 -.50358057262196E+01
 281 0.96563923826875E+00 0.86782849658803E+00 -.50301613309022E+01
 282 0.98949052745399E+00 0.87548536147641E+00 -.50136717490419E+01
 283 0.10139309434821E+01 0.88182191694509E+00 -.49852249323880E+01
 284 0.10389750377861E+01 0.88672438030327E+00 -.49438679791941E+01
 285 0.10646377212194E+01 0.89008889225860E+00 -.48888772534623E+01
 286 0.10909342729335E+01 0.89182534812262E+00 -.48198359958475E+01
 287 0.11178803494750E+01 0.89186123353019E+00 -.47367169338932E+01
 288 0.11454919941070E+01 0.89014521415837E+00 -.46399659194917E+01
 289 0.11737856463615E+01 0.88665017730962E+00 -.45305807126860E+01
 290 0.12027781518266E+01 0.88137538505478E+00 -.44101765740452E+01
 291 0.12324867721767E+01 0.87434738375898E+00 -.42810271504093E+01
 292 0.12629291954495E+01 0.86561933480221E+00 -.41460649764099E+01
 293 0.12941235465771E+01 0.85526849959292E+00 -.40088203489136E+01
 294 0.13260883981776E+01 0.84339174468967E+00 -.38732697131137E+01
 295 0.13588427816125E+01 0.83009915076112E+00 -.37435540763816E+01
 296 0.13924061983184E+01 0.81550614114384E+00 -.36235130896733E+01
 297 0.14267986314168E+01 0.79972503399924E+00 -.35159599218727E+01
 298 0.14620405576128E+01 0.78285762748560E+00 -.34215947918352E+01
 299 0.14981529593859E+01 0.76499143372112E+00 -.33374207917138E+01
 300 0.15351573374827E+01 0.74620284861692E+00 -.32569799363811E+01
 301 0.15730757237185E+01 0.72656656355099E+00 -.31784759537562E+01
 302 0.16119306940944E+01 0.70616141801162E+00 -.31018631273881E+01
 303 0.16517453822385E+01 0.68506850898792E+00 -.30270961479543E+01
 304 0.16925434931798E+01 0.66337092148461E+00 -.29541307401715E+01
 305 0.17343493174613E+01 0.64115341769909E+00 -.28829236483823E+01
 306 0.17771877456026E+01 0.61850188289275E+00 -.28134326209334E+01
 307 0.18210842829190E+01 0.59550278468503E+00 -.27456163935211E+01
 308 0.18660650647071E+01 0.57224260968909E+00 -.26794346716932E+01
 309 0.19121568718054E+01 0.54880728322033E+00 -.26148481126902E+01
 310 0.19593871465390E+01 0.52528158091469E+00 -.25518183067988E+01
 311 0.20077840090585E+01 0.50174854175977E+00 -.24903077583686E+01
 312 0.20573762740822E+01 0.47828889364907E+00 -.24302798666234E+01
 313 0.21081934680520E+01 0.45498050366184E+00 -.23716989063760E+01
 314 0.21602658467129E+01 0.43189786563071E+00 -.23145300087379E+01
 315 0.22136244131267E+01 0.40911163704336E+00 -.22587391418965E+01
 316 0.22683009361310E+01 0.38668823588990E+00 -.22042930920238E+01
 317 0.23243279692534E+01 0.36468950578278E+00 -.21511594443699E+01
 318 0.23817388700940E+01 0.34317245471402E+00 -.20993065645869E+01
 319 0.24405678201853E+01 0.32218906942310E+00 -.20487035803238E+01
 320 0.25008498453439E+01 0.30178620382408E+00 -.19993203631277E+01
 321 0.25626208365239E+01 0.28200553658498E+00 -.19511275106791E+01
 322 0.26259175711860E+01 0.26288359005336E+00 -.19040963293827E+01
 323 0.26907777351943E+01 0.24445180052372E+00 -.18581988173305E+01
 324 0.27572399452536E+01 0.22673662853183E+00 -.18134076476453E+01
 325 0.28253437719014E+01 0.20975969755195E+00 -.17696961522095E+01
 326 0.28951297630673E+01 0.19353795019008E+00 -.17270383057780E+01
 327 0.29666394682151E+01 0.17808381263441E+00 -.16854087104709E+01
 328 0.30399154630800E+01 0.16340536055982E+00 -.16447825806416E+01
 329 0.31150013750181E+01 0.14950648260437E+00 -.16051357281103E+01
 330 0.31919419089810E+01 0.13638704058759E+00 -.15664445477563E+01
 331 0.32707828741328E+01 0.12404302844368E+00 -.15286860034585E+01
 332 0.33515712111239E+01 0.11246673405213E+00 -.14918376143773E+01
 333 0.34343550200387E+01 0.10164690950925E+00 -.14558774415676E+01
 334 0.35191835890336E+01 0.91568955778102E-01 -.14207840749158E+01
 335 0.36061074236828E+01 0.82215127106589E-01 -.13865366203915E+01
 336 0.36951782770477E+01 0.73564759272641E-01 -.13531146876073E+01
 337 0.37864491804908E+01 0.65594523846560E-01 -.13204983776785E+01
 338 0.38799744752489E+01 0.58278708538679E-01 -.12886682713755E+01
 339 0.39758098447876E+01 0.51589521595921E-01 -.12576054175617E+01
 340 0.40740123479538E+01 0.45497416345529E-01 -.12272913219105E+01
 341 0.41746404529483E+01 0.39971430509780E-01 -.11977079358939E+01
 342 0.42777540721361E+01 0.34979533910713E-01 -.11688376460368E+01
 343 0.43834145977179E+01 0.30488977662963E-01 -.11406632634301E+01
 344 0.44916849382815E+01 0.26466637881477E-01 -.11131680134967E+01
 345 0.46026295562571E+01 0.22879347243212E-01 -.10863355260044E+01
 346 0.47163145062966E+01 0.19694208356593E-01 -.10601498253190E+01
 347 0.48328074746021E+01 0.16878883724621E-01 -.10345953208929E+01
 348 0.49521778192248E+01 0.14401858057398E-01 -.10096567979828E+01
 349 0.50744966113597E+01 0.12232669727471E-01 -.98531940859058E+00
 350 0.51998366776603E+01 0.10342109209016E-01 -.96156866262377E+00
 351 0.53282726435985E+01 0.87023833537096E-02 -.93839041926786E+00
 352 0.54598809778953E+01 0.72872452978566E-02 -.91577087856725E+00
 353 0.55947400380494E+01 0.60720906426841E-02 -.89369657320899E+00
 354 0.57329301169892E+01 0.50340212864920E-02 -.87215436050453E+00
 355 0.58745334908788E+01 0.41518789046049E-02 -.85113141456478E+00
 356 0.60196344681035E+01 0.34062505671151E-02 -.83061521866378E+00
 357 0.61683194394657E+01 0.27794493561754E-02 -.81059355778646E+00
 358 0.63206769296205E+01 0.22554730985035E-02 -.79105451135597E+00
 359 0.64767976497821E+01 0.18199444720107E-02 -.77198644613640E+00
 360 0.66367745517317E+01 0.14600357874705E-02 -.75337800930653E+00
 361 0.68007028831595E+01 0.11643816979238E-02 -.73521812170053E+00
 362 0.69686802443735E+01 0.92298296226631E-03 -.71749597121160E+00
 363 0.71408066464096E+01 0.72710419811364E-03 -.70020100635465E+00
 364 0.73171845705759E+01 0.56916831582138E-03 -.68332292998404E+00
 365 0.74979190294691E+01 0.44265004364675E-03 -.66685169316292E+00
 366 0.76831176294970E+01 0.34197064624990E-03 -.65077748918017E+00
 367 0.78728906349456E+01 0.26239561709770E-03 -.63509074771169E+00
 368 0.80673510336287E+01 0.19993680089757E-03 -.61978212912237E+00
 369 0.82666146041593E+01 0.15126008476290E-03 -.60484251890541E+00
 370 0.84707999848821E+01 0.11359949478885E-03 -.59026302225569E+00
 371 0.86800287445087E+01 0.84678254958474E-04 -.57603495877397E+00
 372 0.88944254544980E+01 0.62637113070089E-04 -.56214985729870E+00
 373 0.91141177632241E+01 0.45970017351613E-04 -.54859945086239E+00
 374 0.93392364719758E+01 0.33467039743471E-04 -.53537567176968E+00
 375 0.95699156128336E+01 0.24164288202454E-04 -.52247064679388E+00
 376 0.98062925284705E+01 0.17300430243526E-04 -.50987669248939E+00
 377 0.10048507953924E+02 0.12279361649497E-04 -.49758631061714E+00
 378 0.10296706100386E+02 0.86384953174704E-05 -.48559218368024E+00
 379 0.10551034741065E+02 0.60221123989674E-05 -.47388717056723E+00
 380 0.10811645299170E+02 0.41592076174113E-05 -.46246430230041E+00
 381 0.11078692938059E+02 0.28452690802808E-05 -.45131677788661E+00
 382 0.11352336653629E+02 0.19274561815712E-05 -.44043796026799E+00
 383 0.11632739368974E+02 0.12926735898758E-05 -.42982137237044E+00
 384 0.11920068031387E+02 0.85808137820574E-06 -.41946069324724E+00
 385 0.12214493711763E+02 0.56362801304977E-06 -.40934975431564E+00
 386 0.12516191706443E+02 0.36624146593883E-06 -.39948253568424E+00
 387 0.12825341641592E+02 0.23536223103885E-06 -.38985316256879E+00
 388 0.13142127580140E+02 0.14954789569210E-06 -.38045590179447E+00
 389 0.13466738131369E+02 0.93923762267259E-07 -.37128515838242E+00
 390 0.13799366563214E+02 0.58290414040905E-07 -.36233547221862E+00
 391 0.14140210917325E+02 0.35736865967137E-07 -.35360151480299E+00
 392 0.14489474126983E+02 0.21637195136089E-07 -.34507808607689E+00
 393 0.14847364137920E+02 0.12933459494476E-07 -.33676011132711E+00
 394 0.15214094032126E+02 0.76298891663707E-08 -.32864263816445E+00
 395 0.15589882154720E+02 0.44408735751845E-08 -.32072083357514E+00
 396 0.15974952243941E+02 0.25492848921458E-08 -.31298998104337E+00
 397 0.16369533564367E+02 0.14428373273771E-08 -.30544547774312E+00
 398 0.16773861043407E+02 0.80484205922233E-09 -.29808283179771E+00
 399 0.17188175411179E+02 0.44232288039031E-09 -.29089765960546E+00
 400 0.17612723343835E+02 0.23940901774537E-09 -.28388568322969E+00
 401 0.18047757610428E+02 0.12756939712950E-09 -.27704272785175E+00
 402 0.18493537223405E+02 0.66893733191714E-10 -.27036471928540E+00
 403 0.18950327592823E+02 0.34504892813392E-10 -.26384768155109E+00
 404 0.19418400684366E+02 0.17500515616434E-10 -.25748773450872E+00
 405 0.19898035181270E+02 0.87238777198330E-11 -.25128109154750E+00
 406 0.20389516650247E+02 0.42723361762277E-11 -.24522405733141E+00
 407 0.20893137711508E+02 0.20545734313407E-11 -.23931302559911E+00
 408 0.21409198212983E+02 0.96978679521216E-12 -.23354447701680E+00
 409 0.21938005408843E+02 0.44907728989807E-12 -.22791497708285E+00
 410 0.22479874142442E+02 0.20391228056768E-12 -.22242117408300E+00
 411 0.23035127033760E+02 0.90743756513273E-13 -.21705979709476E+00
 412 0.23604094671494E+02 0.39556871717706E-13 -.21182765403997E+00
 413 0.24187115809880E+02 0.16876675068314E-13 -.20672162978430E+00
 414 0.24784537570384E+02 0.70413722182726E-14 -.20173868428252E+00
 415 0.25396715648372E+02 0.00000000000000E+00 -.19687585076854E+00
 416 0.26024014524887E+02 0.00000000000000E+00 -.19213023398901E+00
 417 0.26666807683652E+02 0.00000000000000E+00 -.18749900847957E+00
 418 0.27325477833438E+02 0.00000000000000E+00 -.18297941688257E+00
 419 0.28000417135924E+02 0.00000000000000E+00 -.17856876830542E+00
 420 0.28692027439181E+02 0.00000000000000E+00 -.17426443671848E+00
 421 0.29400720516929E+02 0.00000000000000E+00 -.17006385939151E+00
 422 0.30126918313697E+02 0.00000000000000E+00 -.16596453536792E+00
 423 0.30871053196045E+02 0.00000000000000E+00 -.16196402397572E+00
 424 0.31633568209988E+02 0.00000000000000E+00 -.15805994337437E+00
 425 0.32414917344774E+02 0.00000000000000E+00 -.15424996913670E+00
 426 0.33215565803190E+02 0.00000000000000E+00 -.15053183286493E+00
 427 0.34035990278529E+02 0.00000000000000E+00 -.14690332084018E+00
 428 0.34876679238409E+02 0.00000000000000E+00 -.14336227270438E+00
 429 0.35738133215598E+02 0.00000000000000E+00 -.13990658017408E+00
 430 0.36620865106023E+02 0.00000000000000E+00 -.13653418578519E+00
 431 0.37525400474142E+02 0.00000000000000E+00 -.13324308166799E+00
 432 0.38452277865853E+02 0.00000000000000E+00 -.13003130835170E+00
 433 0.39402049129139E+02 0.00000000000000E+00 -.12689695359783E+00
 434 0.40375279742629E+02 0.00000000000000E+00 -.12383815126167E+00
 435 0.41372549152272E+02 0.00000000000000E+00 -.12085308018120E+00
 436 0.42394451116333E+02 0.00000000000000E+00 -.11793996309280E+00
 437 0.43441594058907E+02 0.00000000000000E+00 -.11509706557315E+00
 438 0.44514601432162E+02 0.00000000000000E+00 -.11232269500649E+00
 439 0.45614112087536E+02 0.00000000000000E+00 -.10961519957694E+00
 440 0.46740780656098E+02 0.00000000000000E+00 -.10697296728500E+00
 441 0.47895277938304E+02 0.00000000000000E+00 -.10439442498780E+00
 442 0.49078291303380E+02 0.00000000000000E+00 -.10187803746248E+00
 443 0.50290525098573E+02 0.00000000000000E+00 -.99422306492120E-01
 444 0.51532701068508E+02 0.00000000000000E+00 -.97025769973768E-01
 445 0.52805558784900E+02 0.00000000000000E+00 -.94687001047885E-01
 446 0.54109856086887E+02 0.00000000000000E+00 -.92404607248839E-01
 447 0.55446369532233E+02 0.00000000000000E+00 -.90177229675845E-01
 448 0.56815894859680E+02 0.00000000000000E+00 -.88003542183903E-01
 449 0.58219247462714E+02 0.00000000000000E+00 -.85882250594226E-01
 450 0.59657262875043E+02 0.00000000000000E+00 -.83812091923710E-01
 451 0.61130797268056E+02 0.00000000000000E+00 -.81791833632975E-01
 452 0.62640727960577E+02 0.00000000000000E+00 -.79820272892530E-01
 453 0.64187953941203E+02 0.00000000000000E+00 -.77896235866624E-01
 454 0.65773396403551E+02 0.00000000000000E+00 -.76018577014369E-01
 455 0.67397999294719E+02 0.00000000000000E+00 -.74186178407699E-01
 456 0.69062729877298E+02 0.00000000000000E+00 -.72397949065775E-01
 457 0.70768579305268E+02 0.00000000000000E+00 -.70652824305430E-01
 458 0.72516563214108E+02 0.00000000000000E+00 -.68949765107281E-01
 459 0.74307722325496E+02 0.00000000000000E+00 -.67287757497102E-01
 460 0.76143123066936E+02 0.00000000000000E+00 -.65665811942132E-01
 461 0.78023858206689E+02 0.00000000000000E+00 -.64082962761912E-01
461  0.10247000000000E+01
   1 0.10416666666667E-02 0.39941674288916E-05 -.11779561241031E+02
   2 0.10673958333333E-02 0.41939161014856E-05 -.11779576972958E+02
   3 0.10937605104167E-02 0.44036542231733E-05 -.11779593456118E+02
   4 0.11207763950240E-02 0.46238813672031E-05 -.11779610728860E+02
   5 0.11484595719810E-02 0.48551221032208E-05 -.11779628831420E+02
   6 0.11768265234090E-02 0.50979271434286E-05 -.11779647806021E+02
   7 0.12058941385372E-02 0.53528748257476E-05 -.11779667696972E+02
   8 0.12356797237591E-02 0.56205723976388E-05 -.11779688550768E+02
   9 0.12662010129359E-02 0.59016574765330E-05 -.11779710416202E+02
  10 0.12974761779554E-02 0.61967995665662E-05 -.11779733344478E+02
  11 0.13295238395509E-02 0.65067016531545E-05 -.11779757389332E+02
  12 0.13623630783878E-02 0.68321018773277E-05 -.11779782607157E+02
  13 0.13960134464240E-02 0.71737752937879E-05 -.11779809057137E+02
  14 0.14304949785507E-02 0.75325357168822E-05 -.11779836801382E+02
  15 0.14658282045209E-02 0.79092376588818E-05 -.11779865905074E+02
  16 0.15020341611725E-02 0.83047783651872E-05 -.11779896436623E+02
  17 0.15391344049535E-02 0.87200999513023E-05 -.11779928467823E+02
  18 0.15771510247559E-02 0.91561916466677E-05 -.11779962074018E+02
  19 0.16161066550673E-02 0.96140921506951E-05 -.11779997334285E+02
  20 0.16560244894475E-02 0.10094892106614E-04 -.11780034331609E+02
  21 0.16969282943368E-02 0.10599736699017E-04 -.11780073153082E+02
  22 0.17388424232070E-02 0.11129828381298E-04 -.11780113890104E+02
  23 0.17817918310602E-02 0.11686429739463E-04 -.11780156638596E+02
  24 0.18258020892874E-02 0.12270866499145E-04 -.11780201499220E+02
  25 0.18708994008928E-02 0.12884530682972E-04 -.11780248577614E+02
  26 0.19171106160948E-02 0.13528883925820E-04 -.11780297984639E+02
  27 0.19644632483123E-02 0.14205460955817E-04 -.11780349836629E+02
  28 0.20129854905457E-02 0.14915873249420E-04 -.11780404255665E+02
  29 0.20627062321621E-02 0.15661812869236E-04 -.11780461369856E+02
  30 0.21136550760965E-02 0.16445056493740E-04 -.11780521313629E+02
  31 0.21658623564761E-02 0.17267469648478E-04 -.11780584228042E+02
  32 0.22193591566811E-02 0.18131011148828E-04 -.11780650261108E+02
  33 0.22741773278511E-02 0.19037737764888E-04 -.11780719568131E+02
  34 0.23303495078490E-02 0.19989809119609E-04 -.11780792312061E+02
  35 0.23879091406929E-02 0.20989492831817E-04 -.11780868663869E+02
  36 0.24468904964680E-02 0.22039169916370E-04 -.11780948802930E+02
  37 0.25073286917308E-02 0.23141340454307E-04 -.11781032917437E+02
  38 0.25692597104165E-02 0.24298629546477E-04 -.11781121204820E+02
  39 0.26327204252638E-02 0.25513793564818E-04 -.11781213872198E+02
  40 0.26977486197678E-02 0.26789726716168E-04 -.11781311136841E+02
  41 0.27643830106761E-02 0.28129467934219E-04 -.11781413226660E+02
  42 0.28326632710398E-02 0.29536208116015E-04 -.11781520380717E+02
  43 0.29026300538345E-02 0.31013297720223E-04 -.11781632849760E+02
  44 0.29743250161642E-02 0.32564254745239E-04 -.11781750896776E+02
  45 0.30477908440635E-02 0.34192773106117E-04 -.11781874797581E+02
  46 0.31230712779118E-02 0.35902731430258E-04 -.11782004841421E+02
  47 0.32002111384762E-02 0.37698202292768E-04 -.11782141331617E+02
  48 0.32792563535966E-02 0.39583461913461E-04 -.11782284586221E+02
  49 0.33602539855304E-02 0.41563000338570E-04 -.11782434938717E+02
  50 0.34432522589730E-02 0.43641532131385E-04 -.11782592738741E+02
  51 0.35283005897697E-02 0.45824007597235E-04 -.11782758352837E+02
  52 0.36154496143370E-02 0.48115624569511E-04 -.11782932165244E+02
  53 0.37047512198111E-02 0.50521840784760E-04 -.11783114578721E+02
  54 0.37962585749404E-02 0.53048386876262E-04 -.11783306015400E+02
  55 0.38900261617415E-02 0.55701280016989E-04 -.11783506917678E+02
  56 0.39861098079365E-02 0.58486838244372E-04 -.11783717749147E+02
  57 0.40845667201925E-02 0.61411695500934E-04 -.11783938995562E+02
  58 0.41854555181813E-02 0.64482817426517E-04 -.11784171165842E+02
  59 0.42888362694803E-02 0.67707517939657E-04 -.11784414793122E+02
  60 0.43947705253365E-02 0.71093476647485E-04 -.11784670435833E+02
  61 0.45033213573123E-02 0.74648757125524E-04 -.11784938678837E+02
  62 0.46145533948379E-02 0.78381826110814E-04 -.11785220134594E+02
  63 0.47285328636904E-02 0.82301573653939E-04 -.11785515444378E+02
  64 0.48453276254236E-02 0.86417334277826E-04 -.11785825279539E+02
  65 0.49650072177716E-02 0.90738909193555E-04 -.11786150342802E+02
  66 0.50876428960505E-02 0.95276589625918E-04 -.11786491369621E+02
  67 0.52133076755830E-02 0.10004118130411E-03 -.11786849129572E+02
  68 0.53420763751699E-02 0.10504403017566E-03 -.11787224427798E+02
  69 0.54740256616366E-02 0.11029704940463E-03 -.11787618106490E+02
  70 0.56092340954790E-02 0.11581274771816E-03 -.11788031046425E+02
  71 0.57477821776373E-02 0.12160425916851E-03 -.11788464168541E+02
  72 0.58897523974249E-02 0.12768537438132E-03 -.11788918435562E+02
  73 0.60352292816413E-02 0.13407057336404E-03 -.11789394853662E+02
  74 0.61842994448979E-02 0.14077505995240E-03 -.11789894474173E+02
  75 0.63370516411869E-02 0.14781479797649E-03 -.11790418395334E+02
  76 0.64935768167242E-02 0.15520654923217E-03 -.11790967764075E+02
  77 0.66539681640973E-02 0.16296791334778E-03 -.11791543777840E+02
  78 0.68183211777505E-02 0.17111736964046E-03 -.11792147686438E+02
  79 0.69867337108409E-02 0.17967432106127E-03 -.11792780793924E+02
  80 0.71593060334987E-02 0.18865914033308E-03 -.11793444460505E+02
  81 0.73361408925261E-02 0.19809321839033E-03 -.11794140104457E+02
  82 0.75173435725715E-02 0.20799901523526E-03 -.11794869204063E+02
  83 0.77030219588140E-02 0.21840011333090E-03 -.11795633299550E+02
  84 0.78932866011967E-02 0.22932127365688E-03 -.11796433995021E+02
  85 0.80882507802463E-02 0.24078849456059E-03 -.11797272960381E+02
  86 0.82880305745183E-02 0.25282907354260E-03 -.11798151933237E+02
  87 0.84927449297089E-02 0.26547167212215E-03 -.11799072720758E+02
  88 0.87025157294728E-02 0.27874638393590E-03 -.11800037201497E+02
  89 0.89174678679907E-02 0.29268480623026E-03 -.11801047327144E+02
  90 0.91377293243301E-02 0.30732011491606E-03 -.11802105124204E+02
  91 0.93634312386411E-02 0.32268714336222E-03 -.11803212695575E+02
  92 0.95947079902355E-02 0.33882246511391E-03 -.11804372222017E+02
  93 0.98316972775943E-02 0.35576448072998E-03 -.11805585963472E+02
  94 0.10074540200351E-01 0.37355350894370E-03 -.11806856260232E+02
  95 0.10323381343300E-01 0.39223188236107E-03 -.11808185533912E+02
  96 0.10578368862479E-01 0.41184404792157E-03 -.11809576288206E+02
  97 0.10839654573382E-01 0.43243667235694E-03 -.11811031109392E+02
  98 0.11107394041345E-01 0.45405875289527E-03 -.11812552666555E+02
  99 0.11381746674166E-01 0.47676173347004E-03 -.11814143711490E+02
 100 0.11662875817018E-01 0.50059962670584E-03 -.11815807078231E+02
 101 0.11950948849698E-01 0.52562914196631E-03 -.11817545682193E+02
 102 0.12246137286286E-01 0.55190981976354E-03 -.11819362518837E+02
 103 0.12548616877257E-01 0.57950417284261E-03 -.11821260661854E+02
 104 0.12858567714125E-01 0.60847783427044E-03 -.11823243260769E+02
 105 0.13176174336664E-01 0.63889971287393E-03 -.11825313537945E+02
 106 0.13501625842780E-01 0.67084215638909E-03 -.11827474784902E+02
 107 0.13835116001096E-01 0.70438112270045E-03 -.11829730357888E+02
 108 0.14176843366324E-01 0.73959635956827E-03 -.11832083672651E+02
 109 0.14527011397472E-01 0.77657159326017E-03 -.11834538198314E+02
 110 0.14885828578989E-01 0.81539472652412E-03 -.11837097450304E+02
 111 0.15253508544890E-01 0.85615804636025E-03 -.11839764982229E+02
 112 0.15630270205949E-01 0.89895844207130E-03 -.11842544376653E+02
 113 0.16016337880036E-01 0.94389763409413E-03 -.11845439234658E+02
 114 0.16411941425673E-01 0.99108241413895E-03 -.11848453164127E+02
 115 0.16817316378887E-01 0.10406248971876E-02 -.11851589766651E+02
 116 0.17232704093446E-01 0.10926427859287E-02 -.11854852622986E+02
 117 0.17658351884554E-01 0.11472596482348E-02 -.11858245276965E+02
 118 0.18094513176102E-01 0.12046052083148E-02 -.11861771217779E+02
 119 0.18541447651552E-01 0.12648156522050E-02 -.11865433860568E+02
 120 0.18999421408545E-01 0.13280339482935E-02 -.11869236525221E+02
 121 0.19468707117336E-01 0.13944101836041E-02 -.11873182413332E+02
 122 0.19949584183135E-01 0.14641019166005E-02 -.11877274583252E+02
 123 0.20442338912458E-01 0.15372745473076E-02 -.11881515923179E+02
 124 0.20947264683596E-01 0.16141017055798E-02 -.11885909122251E+02
 125 0.21464662121280E-01 0.16947656583900E-02 -.11890456639633E+02
 126 0.21994839275676E-01 0.17794577370471E-02 -.11895160671566E+02
 127 0.22538111805785E-01 0.18683787852962E-02 -.11900023116427E+02
 128 0.23094803167388E-01 0.19617396292935E-02 -.11905045537813E+02
 129 0.23665244805623E-01 0.20597615704982E-02 -.11910229125731E+02
 130 0.24249776352322E-01 0.21626769025651E-02 -.11915574655986E+02
 131 0.24848745828224E-01 0.22707294533732E-02 -.11921082447902E+02
 132 0.25462509850181E-01 0.23841751533738E-02 -.11926752320527E+02
 133 0.26091433843480E-01 0.25032826314938E-02 -.11932583547557E+02
 134 0.26735892259414E-01 0.26283338398840E-02 -.11938574811197E+02
 135 0.27396268798222E-01 0.27596247088560E-02 -.11944724155274E+02
 136 0.28072956637538E-01 0.28974658334117E-02 -.11951028937945E+02
 137 0.28766358666485E-01 0.30421831928237E-02 -.11957485784370E+02
 138 0.29476887725547E-01 0.31941189047916E-02 -.11964090539826E+02
 139 0.30204966852368E-01 0.33536320157572E-02 -.11970838223719E+02
 140 0.30951029533622E-01 0.35210993290283E-02 -.11977722985075E+02
 141 0.31715519963102E-01 0.36969162724268E-02 -.11984738060063E+02
 142 0.32498893306191E-01 0.38814978072457E-02 -.11991875732231E+02
 143 0.33301615970854E-01 0.40752793803664E-02 -.11999127296097E+02
 144 0.34124165885334E-01 0.42787179214616E-02 -.12006483024838E+02
 145 0.34967032782702E-01 0.44922928872805E-02 -.12013932142815E+02
 146 0.35830718492435E-01 0.47165073550855E-02 -.12021462803701E+02
 147 0.36715737239198E-01 0.49518891673859E-02 -.12029062074992E+02
 148 0.37622615949006E-01 0.51989921301881E-02 -.12036715929678E+02
 149 0.38551894562946E-01 0.54583972670587E-02 -.12044409245834E+02
 150 0.39504126358651E-01 0.57307141313725E-02 -.12052125814876E+02
 151 0.40479878279710E-01 0.60165821791933E-02 -.12059848359153E+02
 152 0.41479731273219E-01 0.63166722053120E-02 -.12067558559517E+02
 153 0.42504280635667E-01 0.66316878450395E-02 -.12075237093420E+02
 154 0.43554136367368E-01 0.69623671444267E-02 -.12082863683977E+02
 155 0.44629923535642E-01 0.73094842016537E-02 -.12090417160345E+02
 156 0.45732282646972E-01 0.76738508823996E-02 -.12097875529611E+02
 157 0.46861870028353E-01 0.80563186120682E-02 -.12105216060269E+02
 158 0.48019358218053E-01 0.84577802478062E-02 -.12112415377147E+02
 159 0.49205436366039E-01 0.88791720333048E-02 -.12119449567541E+02
 160 0.50420810644280E-01 0.93214756394255E-02 -.12126294298070E+02
 161 0.51666204667194E-01 0.97857202937299E-02 -.12132924941601E+02
 162 0.52942359922473E-01 0.10272985002027E-01 -.12139316713405E+02
 163 0.54250036212558E-01 0.10784400865075E-01 -.12145444815486E+02
 164 0.55590012107009E-01 0.11321153493570E-01 -.12151284587858E+02
 165 0.56963085406052E-01 0.11884485524581E-01 -.12156811665347E+02
 166 0.58370073615581E-01 0.12475699242519E-01 -.12162002138333E+02
 167 0.59811814433886E-01 0.13096159307742E-01 -.12166832715690E+02
 168 0.61289166250403E-01 0.13747295595793E-01 -.12171280888046E+02
 169 0.62803008656788E-01 0.14430606150207E-01 -.12175325089372E+02
 170 0.64354242970611E-01 0.15147660251691E-01 -.12178944854833E+02
 171 0.65943792771985E-01 0.15900101606355E-01 -.12182120972762E+02
 172 0.67572604453453E-01 0.16689651655473E-01 -.12184835628608E+02
 173 0.69241647783453E-01 0.17518113009043E-01 -.12187072538704E+02
 174 0.70951916483704E-01 0.18387373005143E-01 -.12188817071746E+02
 175 0.72704428820852E-01 0.19299407396767E-01 -.12190056355949E+02
 176 0.74500228212727E-01 0.20256284167460E-01 -.12190779369946E+02
 177 0.76340383849581E-01 0.21260167476613E-01 -.12190977015651E+02
 178 0.78225991330666E-01 0.22313321734809E-01 -.12190642171472E+02
 179 0.80158173316533E-01 0.23418115808994E-01 -.12189769724455E+02
 180 0.82138080197452E-01 0.24577027356594E-01 -.12188356580211E+02
 181 0.84166890778329E-01 0.25792647286939E-01 -.12186401649705E+02
 182 0.86245812980554E-01 0.27067684347459E-01 -.12183905812295E+02
 183 0.88376084561173E-01 0.28404969831150E-01 -.12180871854730E+02
 184 0.90558973849834E-01 0.29807462400663E-01 -.12177304386134E+02
 185 0.92795780503925E-01 0.31278253023126E-01 -.12173209729365E+02
 186 0.95087836282372E-01 0.32820570008352E-01 -.12168595789493E+02
 187 0.97436505838547E-01 0.34437784141506E-01 -.12163471900529E+02
 188 0.99843187532759E-01 0.36133413899501E-01 -.12157848651866E+02
 189 0.10230931426482E+00 0.37911130738371E-01 -.12151737696293E+02
 190 0.10483635432716E+00 0.39774764436645E-01 -.12145151541763E+02
 191 0.10742581227904E+00 0.41728308477227E-01 -.12138103329436E+02
 192 0.11007922984233E+00 0.43775925447527E-01 -.12130606600773E+02
 193 0.11279818681944E+00 0.45921952434483E-01 -.12122675056754E+02
 194 0.11558430203388E+00 0.48170906387706E-01 -.12114322312446E+02
 195 0.11843923429411E+00 0.50527489420195E-01 -.12105561650314E+02
 196 0.12136468338118E+00 0.52996594011889E-01 -.12096405775732E+02
 197 0.12436239106069E+00 0.55583308076716E-01 -.12086866578182E+02
 198 0.12743414211989E+00 0.58292919848725E-01 -.12076954901548E+02
 199 0.13058176543025E+00 0.61130922537313E-01 -.12066680326789E+02
 200 0.13380713503638E+00 0.64103018695446E-01 -.12056050970093E+02
 201 0.13711217127178E+00 0.67215124238069E-01 -.12045073299316E+02
 202 0.14049884190219E+00 0.70473372040586E-01 -.12033751971226E+02
 203 0.14396916329718E+00 0.73884115039289E-01 -.12022089691664E+02
 204 0.14752520163062E+00 0.77453928746917E-01 -.12010087100330E+02
 205 0.15116907411089E+00 0.81189613087089E-01 -.11997742681451E+02
 206 0.15490295024143E+00 0.85098193441060E-01 -.11985052701084E+02
 207 0.15872905311240E+00 0.89186920789194E-01 -.11972011171343E+02
 208 0.16264966072427E+00 0.93463270817557E-01 -.11958609841296E+02
 209 0.16666710734416E+00 0.97934941847166E-01 -.11944838213777E+02
 210 0.17078378489556E+00 0.10260985142958E+00 -.11930683586840E+02
 211 0.17500214438248E+00 0.10749613143778E+00 -.11916131118065E+02
 212 0.17932469734873E+00 0.11260212146549E+00 -.11901163909401E+02
 213 0.18375401737324E+00 0.11793636033145E+00 -.11885763109728E+02
 214 0.18829274160236E+00 0.12350757546738E+00 -.11869908031815E+02
 215 0.19294357231994E+00 0.12932466994991E+00 -.11853576279815E+02
 216 0.19770927855624E+00 0.13539670691743E+00 -.11836743882967E+02
 217 0.20259269773658E+00 0.14173289109235E+00 -.11819385430668E+02
 218 0.20759673737068E+00 0.14834254710909E+00 -.11801474203599E+02
 219 0.21272437678373E+00 0.15523509432646E+00 -.11782982295156E+02
 220 0.21797866889029E+00 0.16242001778208E+00 -.11763880717011E+02
 221 0.22336274201188E+00 0.16990683492524E+00 -.11744139482296E+02
 222 0.22887980173958E+00 0.17770505774393E+00 -.11723727659606E+02
 223 0.23453313284254E+00 0.18582414988201E+00 -.11702613390807E+02
 224 0.24032610122375E+00 0.19427347832441E+00 -.11680763865504E+02
 225 0.24626215592398E+00 0.20306225921221E+00 -.11658145244963E+02
 226 0.25234483117530E+00 0.21219949733646E+00 -.11634722528234E+02
 227 0.25857774850533E+00 0.22169391885084E+00 -.11610459353190E+02
 228 0.26496461889341E+00 0.23155389673920E+00 -.11585317725036E+02
 229 0.27150924498008E+00 0.24178736857670E+00 -.11559257664514E+02
 230 0.27821552333109E+00 0.25240174613389E+00 -.11532236767348E+02
 231 0.28508744675737E+00 0.26340381639314E+00 -.11504209665277E+02
 232 0.29212910669227E+00 0.27479963357890E+00 -.11475127377235E+02
 233 0.29934469562757E+00 0.28659440184912E+00 -.11444936536583E+02
 234 0.30673850960957E+00 0.29879234835720E+00 -.11413578476766E+02
 235 0.31431495079693E+00 0.31139658647547E+00 -.11380988153371E+02
 236 0.32207853008161E+00 0.32440896907488E+00 -.11347092875420E+02
 237 0.33003386977463E+00 0.33782993188412E+00 -.11311810813383E+02
 238 0.33818570635806E+00 0.35165832710986E+00 -.11275049246656E+02
 239 0.34653889330511E+00 0.36589124768968E+00 -.11236702510557E+02
 240 0.35509840396974E+00 0.38052384277553E+00 -.11196649604333E+02
 241 0.36386933454780E+00 0.39554912531166E+00 -.11154751430213E+02
 242 0.37285690711113E+00 0.41095777287931E+00 -.11110847652907E+02
 243 0.38206647271677E+00 0.42673792333501E+00 -.11064753203584E+02
 244 0.39150351459288E+00 0.44287496717157E+00 -.11016254506852E+02
 245 0.40117365140332E+00 0.45935133898183E+00 -.10965105587141E+02
 246 0.41108264059298E+00 0.47614631090577E+00 -.10911024313085E+02
 247 0.42123638181563E+00 0.49323579148760E+00 -.10853689160686E+02
 248 0.43164092044648E+00 0.51059213395931E+00 -.10792737005733E+02
 249 0.44230245118150E+00 0.52818395859025E+00 -.10727762570134E+02
 250 0.45322732172569E+00 0.54597599439101E+00 -.10658320210906E+02
 251 0.46442203657231E+00 0.56392894611619E+00 -.10583928711814E+02
 252 0.47589326087565E+00 0.58199939315686E+00 -.10504079573884E+02
 253 0.48764782441928E+00 0.60013972752215E+00 -.10418248975486E+02
 254 0.49969272568243E+00 0.61829813865088E+00 -.10325913093675E+02
 255 0.51203513600679E+00 0.63641865322852E+00 -.10226565904880E+02
 256 0.52468240386616E+00 0.65444123846916E+00 -.10119738028456E+02
 257 0.53764205924165E+00 0.67230197740508E+00 -.10005014790977E+02
 258 0.55092181810492E+00 0.68993332455201E+00 -.98820516164108E+01
 259 0.56452958701211E+00 0.70726444982592E+00 -.97505851702043E+01
 260 0.57847346781131E+00 0.72422167771496E+00 -.96104393793172E+01
 261 0.59276176246625E+00 0.74072902739692E+00 -.94615263723109E+01
 262 0.60740297799916E+00 0.75670885768127E+00 -.93038433093596E+01
 263 0.62240583155574E+00 0.77208261829990E+00 -.91374667688500E+01
 264 0.63777925559517E+00 0.78677170613930E+00 -.89625466640945E+01
 265 0.65353240320837E+00 0.80069842149226E+00 -.87793015403394E+01
 266 0.66967465356762E+00 0.81378701532591E+00 -.85880166291169E+01
 267 0.68621561751074E+00 0.82596481397355E+00 -.83890453711995E+01
 268 0.70316514326325E+00 0.83716340265457E+00 -.81828144324987E+01
 269 0.72053332230186E+00 0.84731984395599E+00 -.79698316626328E+01
 270 0.73833049536271E+00 0.85637790206126E+00 -.77506960530835E+01
 271 0.75656725859817E+00 0.86428923832958E+00 -.75261085484881E+01
 272 0.77525446988555E+00 0.87101453909401E+00 -.72968825159362E+01
 273 0.79440325529172E+00 0.87652453257813E+00 -.70639527303659E+01
 274 0.81402501569742E+00 0.88080084896437E+00 -.68283818379029E+01
 275 0.83413143358515E+00 0.88383667622148E+00 -.65913633741265E+01
 276 0.85473447999470E+00 0.88563716463269E+00 -.63542205168830E+01
 277 0.87584642165057E+00 0.88621953533853E+00 -.61183998324229E+01
 278 0.89747982826534E+00 0.88561285284190E+00 -.58854593270057E+01
 279 0.91964758002349E+00 0.88385742847279E+00 -.56570501458134E+01
 280 0.94236287525008E+00 0.88100383136945E+00 -.54348912709242E+01
 281 0.96563923826875E+00 0.87711149565163E+00 -.52207365652002E+01
 282 0.98949052745399E+00 0.87224692718357E+00 -.50163334969333E+01
 283 0.10139309434821E+01 0.86648153074707E+00 -.48233728752409E+01
 284 0.10389750377861E+01 0.85988909877572E+00 -.46434289555773E+01
 285 0.10646377212194E+01 0.85254302641944E+00 -.44778893869529E+01
 286 0.10909342729335E+01 0.84451334516821E+00 -.43278747495667E+01
 287 0.11178803494750E+01 0.83586369921575E+00 -.41941480046278E+01
 288 0.11454919941070E+01 0.82664842567795E+00 -.40770152470514E+01
 289 0.11737856463615E+01 0.81690994150851E+00 -.39762210076479E+01
 290 0.12027781518266E+01 0.80667668470275E+00 -.38908443972763E+01
 291 0.12324867721767E+01 0.79596190039742E+00 -.38192071442264E+01
 292 0.12629291954495E+01 0.78476359405793E+00 -.37588116737509E+01
 293 0.12941235465771E+01 0.77306597695251E+00 -.37063374892762E+01
 294 0.13260883981776E+01 0.76084267616088E+00 -.36577378716386E+01
 295 0.13588427816125E+01 0.74806183217515E+00 -.36084968229567E+01
 296 0.13924061983184E+01 0.73469290668387E+00 -.35541286425133E+01
 297 0.14267986314168E+01 0.72071450090437E+00 -.34910301059653E+01
 298 0.14620405576128E+01 0.70612165488025E+00 -.34178294342450E+01
 299 0.14981529593859E+01 0.69092985700496E+00 -.33374207917138E+01
 300 0.15351573374827E+01 0.67517200488356E+00 -.32569799363811E+01
 301 0.15730757237185E+01 0.65888852213158E+00 -.31784759537562E+01
 302 0.16119306940944E+01 0.64212070644980E+00 -.31018631273881E+01
 303 0.16517453822385E+01 0.62491205765261E+00 -.30270961479543E+01
 304 0.16925434931798E+01 0.60730791803995E+00 -.29541307401715E+01
 305 0.17343493174613E+01 0.58935507646670E+00 -.28829236483823E+01
 306 0.17771877456026E+01 0.57110157440955E+00 -.28134326209334E+01
 307 0.18210842829190E+01 0.55259644288526E+00 -.27456163935211E+01
 308 0.18660650647071E+01 0.53388941980287E+00 -.26794346716932E+01
 309 0.19121568718054E+01 0.51503064472281E+00 -.26148481126902E+01
 310 0.19593871465390E+01 0.49607033490200E+00 -.25518183067988E+01
 311 0.20077840090585E+01 0.47705844834850E+00 -.24903077583686E+01
 312 0.20573762740822E+01 0.45804434134861E+00 -.24302798666234E+01
 313 0.21081934680520E+01 0.43907642934125E+00 -.23716989063760E+01
 314 0.21602658467129E+01 0.42020186088483E+00 -.23145300087379E+01
 315 0.22136244131267E+01 0.40146621462457E+00 -.22587391418965E+01
 316 0.22683009361310E+01 0.38291322853345E+00 -.22042930920238E+01
 317 0.23243279692534E+01 0.36458456926987E+00 -.21511594443699E+01
 318 0.23817388700940E+01 0.34651964736206E+00 -.20993065645869E+01
 319 0.24405678201853E+01 0.32875548126416E+00 -.20487035803238E+01
 320 0.25008498453439E+01 0.31132661035448E+00 -.19993203631277E+01
 321 0.25626208365239E+01 0.29426505391524E+00 -.19511275106791E+01
 322 0.26259175711860E+01 0.27760031030467E+00 -.19040963293827E+01
 323 0.26907777351943E+01 0.26135938815497E+00 -.18581988173305E+01
 324 0.27572399452536E+01 0.24556685972482E+00 -.18134076476453E+01
 325 0.28253437719014E+01 0.23024492568209E+00 -.17696961522095E+01
 326 0.28951297630673E+01 0.21541348070707E+00 -.17270383057780E+01
 327 0.29666394682151E+01 0.20109017041855E+00 -.16854087104709E+01
 328 0.30399154630800E+01 0.18729043216025E+00 -.16447825806416E+01
 329 0.31150013750181E+01 0.17402751495212E+00 -.16051357281103E+01
 330 0.31919419089810E+01 0.16131247711504E+00 -.15664445477563E+01
 331 0.32707828741328E+01 0.14915416335200E+00 -.15286860034585E+01
 332 0.33515712111239E+01 0.13755916602944E+00 -.14918376143773E+01
 333 0.34343550200387E+01 0.12653177771285E+00 -.14558774415676E+01
 334 0.35191835890336E+01 0.11607394343555E+00 -.14207840749158E+01
 335 0.36061074236828E+01 0.10618522162105E+00 -.13865366203915E+01
 336 0.36951782770477E+01 0.96862762082006E-01 -.13531146876073E+01
 337 0.37864491804908E+01 0.88101308243064E-01 -.13204983776785E+01
 338 0.38799744752489E+01 0.79893228917513E-01 -.12886682713755E+01
 339 0.39758098447876E+01 0.72228582868943E-01 -.12576054175617E+01
 340 0.40740123479538E+01 0.65095217253447E-01 -.12272913219105E+01
 341 0.41746404529483E+01 0.58478899061139E-01 -.11977079358939E+01
 342 0.42777540721361E+01 0.52363476993543E-01 -.11688376460368E+01
 343 0.43834145977179E+01 0.46731069899524E-01 -.11406632634301E+01
 344 0.44916849382815E+01 0.41562276968323E-01 -.11131680134967E+01
 345 0.46026295562571E+01 0.36836404326202E-01 -.10863355260044E+01
 346 0.47163145062966E+01 0.32531702460458E-01 -.10601498253190E+01
 347 0.48328074746021E+01 0.28625608945525E-01 -.10345953208929E+01
 348 0.49521778192248E+01 0.25094991211787E-01 -.10096567979828E+01
 349 0.50744966113597E+01 0.21916384522370E-01 -.98531940859058E+00
 350 0.51998366776603E+01 0.19066220856922E-01 -.96156866262377E+00
 351 0.53282726435985E+01 0.16521045002502E-01 -.93839041926786E+00
 352 0.54598809778953E+01 0.14257714786209E-01 -.91577087856725E+00
 353 0.55947400380494E+01 0.12253583025769E-01 -.89369657320899E+00
 354 0.57329301169892E+01 0.10486659402594E-01 -.87215436050453E+00
 355 0.58745334908788E+01 0.89357510617546E-02 -.85113141456478E+00
 356 0.60196344681035E+01 0.75805813037423E-02 -.83061521866378E+00
 357 0.61683194394657E+01 0.64018862459404E-02 -.81059355778646E+00
 358 0.63206769296205E+01 0.53814897918362E-02 -.79105451135597E+00
 359 0.64767976497821E+01 0.45023576495962E-02 -.77198644613640E+00
 360 0.66367745517317E+01 0.37486314866664E-02 -.75337800930653E+00
 361 0.68007028831595E+01 0.31056445927509E-02 -.73521812170053E+00
 362 0.69686802443735E+01 0.25599206501932E-02 -.71749597121160E+00
 363 0.71408066464096E+01 0.20991573797722E-02 -.70020100635465E+00
 364 0.73171845705759E+01 0.17121969434378E-02 -.68332292998404E+00
 365 0.74979190294691E+01 0.13889850466067E-02 -.66685169316292E+00
 366 0.76831176294970E+01 0.11205206951273E-02 -.65077748918017E+00
 367 0.78728906349456E+01 0.89879853037377E-03 -.63509074771169E+00
 368 0.80673510336287E+01 0.71674559518896E-03 -.61978212912237E+00
 369 0.82666146041593E+01 0.56815427906169E-03 -.60484251890541E+00
 370 0.84707999848821E+01 0.44761305881307E-03 -.59026302225569E+00
 371 0.86800287445087E+01 0.35043649718208E-03 -.57603495877397E+00
 372 0.88944254544980E+01 0.27259579207158E-03 -.56214985729870E+00
 373 0.91141177632241E+01 0.21065098975413E-03 -.54859945086239E+00
 374 0.93392364719758E+01 0.16168579168171E-03 -.53537567176968E+00
 375 0.95699156128336E+01 0.12324570192995E-03 -.52247064679388E+00
 376 0.98062925284705E+01 0.93280085436132E-04 -.50987669248939E+00
 377 0.10048507953924E+02 0.70088540132997E-04 -.49758631061714E+00
 378 0.10296706100386E+02 0.52271832195766E-04 -.48559218368024E+00
 379 0.10551034741065E+02 0.38687505509834E-04 -.47388717056723E+00
 380 0.10811645299170E+02 0.28410155954686E-04 -.46246430230041E+00
 381 0.11078692938059E+02 0.20696259242556E-04 -.45131677788661E+00
 382 0.11352336653629E+02 0.14953358175716E-04 -.44043796026799E+00
 383 0.11632739368974E+02 0.10713350967242E-04 -.42982137237044E+00
 384 0.11920068031387E+02 0.76095757650766E-05 -.41946069324724E+00
 385 0.12214493711763E+02 0.53573564697206E-05 -.40934975431564E+00
 386 0.12516191706443E+02 0.37376590422889E-05 -.39948253568424E+00
 387 0.12825341641592E+02 0.25835062791604E-05 -.38985316256879E+00
 388 0.13142127580140E+02 0.17687998712776E-05 -.38045590179447E+00
 389 0.13466738131369E+02 0.11992339891509E-05 -.37128515838242E+00
 390 0.13799366563214E+02 0.80497047018442E-06 -.36233547221862E+00
 391 0.14140210917325E+02 0.53480852122268E-06 -.35360151480299E+00
 392 0.14489474126983E+02 0.35159892124759E-06 -.34507808607689E+00
 393 0.14847364137920E+02 0.22867214899528E-06 -.33676011132711E+00
 394 0.15214094032126E+02 0.14708836327684E-06 -.32864263816445E+00
 395 0.15589882154720E+02 0.93545404986151E-07 -.32072083357514E+00
 396 0.15974952243941E+02 0.58806108217960E-07 -.31298998104337E+00
 397 0.16369533564367E+02 0.36530181703550E-07 -.30544547774312E+00
 398 0.16773861043407E+02 0.22417179741961E-07 -.29808283179771E+00
 399 0.17188175411179E+02 0.13585538467111E-07 -.29089765960546E+00
 400 0.17612723343835E+02 0.81283619362853E-08 -.28388568322969E+00
 401 0.18047757610428E+02 0.47997599423372E-08 -.27704272785175E+00
 402 0.18493537223405E+02 0.27962929706250E-08 -.27036471928540E+00
 403 0.18950327592823E+02 0.16067381359818E-08 -.26384768155109E+00
 404 0.19418400684366E+02 0.91023921665214E-09 -.25748773450872E+00
 405 0.19898035181270E+02 0.50822817323956E-09 -.25128109154750E+00
 406 0.20389516650247E+02 0.27957304829652E-09 -.24522405733141E+00
 407 0.20893137711508E+02 0.15146128134648E-09 -.23931302559911E+00
 408 0.21409198212983E+02 0.80781065506914E-10 -.23354447701680E+00
 409 0.21938005408843E+02 0.42398129301442E-10 -.22791497708285E+00
 410 0.22479874142442E+02 0.21889383415167E-10 -.22242117408300E+00
 411 0.23035127033760E+02 0.11111927627106E-10 -.21705979709476E+00
 412 0.23604094671494E+02 0.55435880091390E-11 -.21182765403997E+00
 413 0.24187115809880E+02 0.27168394727902E-11 -.20672162978430E+00
 414 0.24784537570384E+02 0.00000000000000E+00 -.20173868428252E+00
 415 0.25396715648372E+02 0.00000000000000E+00 -.19687585076854E+00
 416 0.26024014524887E+02 0.00000000000000E+00 -.19213023398901E+00
 417 0.26666807683652E+02 0.00000000000000E+00 -.18749900847957E+00
 418 0.27325477833438E+02 0.00000000000000E+00 -.18297941688257E+00
 419 0.28000417135924E+02 0.00000000000000E+00 -.17856876830542E+00
 420 0.28692027439181E+02 0.00000000000000E+00 -.17426443671848E+00
 421 0.29400720516929E+02 0.00000000000000E+00 -.17006385939151E+00
 422 0.30126918313697E+02 0.00000000000000E+00 -.16596453536792E+00
 423 0.30871053196045E+02 0.00000000000000E+00 -.16196402397572E+00
 424 0.31633568209988E+02 0.00000000000000E+00 -.15805994337437E+00
 425 0.32414917344774E+02 0.00000000000000E+00 -.15424996913670E+00
 426 0.33215565803190E+02 0.00000000000000E+00 -.15053183286493E+00
 427 0.34035990278529E+02 0.00000000000000E+00 -.14690332084018E+00
 428 0.34876679238409E+02 0.00000000000000E+00 -.14336227270438E+00
 429 0.35738133215598E+02 0.00000000000000E+00 -.13990658017408E+00
 430 0.36620865106023E+02 0.00000000000000E+00 -.13653418578519E+00
 431 0.37525400474142E+02 0.00000000000000E+00 -.13324308166799E+00
 432 0.38452277865853E+02 0.00000000000000E+00 -.13003130835170E+00
 433 0.39402049129139E+02 0.00000000000000E+00 -.12689695359783E+00
 434 0.40375279742629E+02 0.00000000000000E+00 -.12383815126167E+00
 435 0.41372549152272E+02 0.00000000000000E+00 -.12085308018120E+00
 436 0.42394451116333E+02 0.00000000000000E+00 -.11793996309280E+00
 437 0.43441594058907E+02 0.00000000000000E+00 -.11509706557315E+00
 438 0.44514601432162E+02 0.00000000000000E+00 -.11232269500649E+00
 439 0.45614112087536E+02 0.00000000000000E+00 -.10961519957694E+00
 440 0.46740780656098E+02 0.00000000000000E+00 -.10697296728500E+00
 441 0.47895277938304E+02 0.00000000000000E+00 -.10439442498780E+00
 442 0.49078291303380E+02 0.00000000000000E+00 -.10187803746248E+00
 443 0.50290525098573E+02 0.00000000000000E+00 -.99422306492120E-01
 444 0.51532701068508E+02 0.00000000000000E+00 -.97025769973768E-01
 445 0.52805558784900E+02 0.00000000000000E+00 -.94687001047885E-01
 446 0.54109856086887E+02 0.00000000000000E+00 -.92404607248839E-01
 447 0.55446369532233E+02 0.00000000000000E+00 -.90177229675845E-01
 448 0.56815894859680E+02 0.00000000000000E+00 -.88003542183903E-01
 449 0.58219247462714E+02 0.00000000000000E+00 -.85882250594226E-01
 450 0.59657262875043E+02 0.00000000000000E+00 -.83812091923710E-01
 451 0.61130797268056E+02 0.00000000000000E+00 -.81791833632975E-01
 452 0.62640727960577E+02 0.00000000000000E+00 -.79820272892530E-01
 453 0.64187953941203E+02 0.00000000000000E+00 -.77896235866624E-01
 454 0.65773396403551E+02 0.00000000000000E+00 -.76018577014369E-01
 455 0.67397999294719E+02 0.00000000000000E+00 -.74186178407699E-01
 456 0.69062729877298E+02 0.00000000000000E+00 -.72397949065775E-01
 457 0.70768579305268E+02 0.00000000000000E+00 -.70652824305430E-01
 458 0.72516563214108E+02 0.00000000000000E+00 -.68949765107281E-01
 459 0.74307722325496E+02 0.00000000000000E+00 -.67287757497102E-01
 460 0.76143123066936E+02 0.00000000000000E+00 -.65665811942132E-01
 461 0.78023858206689E+02 0.00000000000000E+00 -.64082962761912E-01
461  0.10247000000000E+01
   1 0.10416666666667E-02 0.15112582278726E-08 -.89294605764425E+01
   2 0.10673958333333E-02 0.16260312466419E-08 -.89294763083707E+01
   3 0.10937605104167E-02 0.17495207412554E-08 -.89294927915332E+01
   4 0.11207763950240E-02 0.18823886874277E-08 -.89295100642768E+01
   5 0.11484595719810E-02 0.20253474344585E-08 -.89295281668393E+01
   6 0.11768265234090E-02 0.21791632235568E-08 -.89295471414438E+01
   7 0.12058941385372E-02 0.23446605971380E-08 -.89295670323979E+01
   8 0.12356797237591E-02 0.25227267159791E-08 -.89295878861971E+01
   9 0.12662010129359E-02 0.27143161166695E-08 -.89296097516344E+01
  10 0.12974761779554E-02 0.29204558282065E-08 -.89296326799143E+01
  11 0.13295238395509E-02 0.31422508774237E-08 -.89296567247729E+01
  12 0.13623630783878E-02 0.33808902125318E-08 -.89296819426035E+01
  13 0.13960134464240E-02 0.36376530765208E-08 -.89297083925887E+01
  14 0.14304949785507E-02 0.39139158645863E-08 -.89297361368391E+01
  15 0.14658282045209E-02 0.42111595023409E-08 -.89297652405382E+01
  16 0.15020341611725E-02 0.45309773843589E-08 -.89297957720945E+01
  17 0.15391344049535E-02 0.48750839156100E-08 -.89298278033020E+01
  18 0.15771510247559E-02 0.52453237015666E-08 -.89298614095066E+01
  19 0.16161066550673E-02 0.56436814362476E-08 -.89298966697829E+01
  20 0.16560244894475E-02 0.60722925412031E-08 -.89299336671175E+01
  21 0.16969282943368E-02 0.65334546124674E-08 -.89299724886025E+01
  22 0.17388424232070E-02 0.70296397368429E-08 -.89300132256379E+01
  23 0.17817918310602E-02 0.75635077435313E-08 -.89300559741439E+01
  24 0.18258020892874E-02 0.81379204621488E-08 -.89301008347836E+01
  25 0.18708994008928E-02 0.87559570635506E-08 -.89301479131957E+01
  26 0.19171106160948E-02 0.94209305656980E-08 -.89301973202395E+01
  27 0.19644632483123E-02 0.10136405593043E-07 -.89302491722509E+01
  28 0.20129854905457E-02 0.10906217484631E-07 -.89303035913111E+01
  29 0.20627062321621E-02 0.11734492853336E-07 -.89303607055274E+01
  30 0.21136550760965E-02 0.12625671706443E-07 -.89304206493287E+01
  31 0.21658623564761E-02 0.13584531246145E-07 -.89304835637736E+01
  32 0.22193591566811E-02 0.14616211477527E-07 -.89305495968744E+01
  33 0.22741773278511E-02 0.15726242761306E-07 -.89306189039353E+01
  34 0.23303495078490E-02 0.16920575459016E-07 -.89306916479079E+01
  35 0.23879091406929E-02 0.18205611829535E-07 -.89307679997620E+01
  36 0.24468904964680E-02 0.19588240347932E-07 -.89308481388748E+01
  37 0.25073286917308E-02 0.21075872630588E-07 -.89309322534379E+01
  38 0.25692597104165E-02 0.22676483164502E-07 -.89310205408835E+01
  39 0.26327204252638E-02 0.24398652053748E-07 -.89311132083300E+01
  40 0.26977486197678E-02 0.26251611012206E-07 -.89312104730486E+01
  41 0.27643830106761E-02 0.28245292849076E-07 -.89313125629514E+01
  42 0.28326632710398E-02 0.30390384712442E-07 -.89314197171011E+01
  43 0.29026300538345E-02 0.32698385376237E-07 -.89315321862452E+01
  44 0.29743250161642E-02 0.35181666877705E-07 -.89316502333736E+01
  45 0.30477908440635E-02 0.37853540835697E-07 -.89317741343013E+01
  46 0.31230712779118E-02 0.40728329805277E-07 -.89319041782778E+01
  47 0.32002111384762E-02 0.43821444051086E-07 -.89320406686234E+01
  48 0.32792563535966E-02 0.47149464150952E-07 -.89321839233934E+01
  49 0.33602539855304E-02 0.50730229872488E-07 -.89323342760722E+01
  50 0.34432522589730E-02 0.54582935799024E-07 -.89324920762973E+01
  51 0.35283005897697E-02 0.58728234217408E-07 -.89326576906145E+01
  52 0.36154496143370E-02 0.63188345819118E-07 -.89328315032663E+01
  53 0.37047512198111E-02 0.67987178807985E-07 -.89330139170129E+01
  54 0.37962585749404E-02 0.73150457052917E-07 -.89332053539887E+01
  55 0.38900261617415E-02 0.78705857972427E-07 -.89334062565942E+01
  56 0.39861098079365E-02 0.84683160889978E-07 -.89336170884248E+01
  57 0.40845667201925E-02 0.91114406655219E-07 -.89338383352376E+01
  58 0.41854555181813E-02 0.98034069386586E-07 -.89340705059570E+01
  59 0.42888362694803E-02 0.10547924125568E-06 -.89343141337205E+01
  60 0.43947705253365E-02 0.11348983130370E-06 -.89345697769656E+01
  61 0.45033213573123E-02 0.12210877935547E-06 -.89348380205581E+01
  62 0.46145533948379E-02 0.13138228617734E-06 -.89351194769638E+01
  63 0.47285328636904E-02 0.14136006111246E-06 -.89354147874636E+01
  64 0.48453276254236E-02 0.15209558852048E-06 -.89357246234127E+01
  65 0.49650072177716E-02 0.16364641444939E-06 -.89360496875449E+01
  66 0.50876428960505E-02 0.17607445507577E-06 -.89363907153223E+01
  67 0.52133076755830E-02 0.18944632856624E-06 -.89367484763310E+01
  68 0.53420763751699E-02 0.20383371213846E-06 -.89371237757219E+01
  69 0.54740256616366E-02 0.21931372623483E-06 -.89375174556985E+01
  70 0.56092340954790E-02 0.23596934786759E-06 -.89379303970496E+01
  71 0.57477821776373E-02 0.25388985534991E-06 -.89383635207272E+01
  72 0.58897523974249E-02 0.27317130679614E-06 -.89388177894699E+01
  73 0.60352292816413E-02 0.29391705495470E-06 -.89392942094678E+01
  74 0.61842994448979E-02 0.31623830113226E-06 -.89397938320715E+01
  75 0.63370516411869E-02 0.34025469117682E-06 -.89403177555394E+01
  76 0.64935768167242E-02 0.36609495671274E-06 -.89408671268241E+01
  77 0.66539681640973E-02 0.39389760506312E-06 -.89414431433936E+01
  78 0.68183211777505E-02 0.42381166155547E-06 -.89420470550837E+01
  79 0.69867337108409E-02 0.45599746818743E-06 -.89426801659794E+01
  80 0.71593060334987E-02 0.49062754293076E-06 -.89433438363186E+01
  81 0.73361408925261E-02 0.52788750427678E-06 -.89440394844145E+01
  82 0.75173435725715E-02 0.56797706597542E-06 -.89447685885892E+01
  83 0.77030219588140E-02 0.61111110729622E-06 -.89455326891123E+01
  84 0.78932866011967E-02 0.65752082454353E-06 -.89463333901365E+01
  85 0.80882507802463E-02 0.70745496999338E-06 -.89471723616198E+01
  86 0.82880305745183E-02 0.76118118488730E-06 -.89480513412258E+01
  87 0.84927449297089E-02 0.81898743362173E-06 -.89489721361892E+01
  88 0.87025157294728E-02 0.88118354681334E-06 -.89499366251335E+01
  89 0.89174678679907E-02 0.94810288150321E-06 -.89509467598268E+01
  90 0.91377293243301E-02 0.10201041073894E-05 -.89520045668599E+01
  91 0.93634312386411E-02 0.10975731286519E-05 -.89531121492272E+01
  92 0.95947079902355E-02 0.11809251516597E-05 -.89542716877918E+01
  93 0.98316972775943E-02 0.12706069096289E-05 -.89554854426129E+01
  94 0.10074540200351E-01 0.13670990561417E-05 -.89567557541094E+01
  95 0.10323381343300E-01 0.14709187403386E-05 -.89580850440365E+01
  96 0.10578368862479E-01 0.15826223775672E-05 -.89594758162423E+01
  97 0.10839654573382E-01 0.17028086303163E-05 -.89609306571764E+01
  98 0.11107394041345E-01 0.18321216153888E-05 -.89624522361127E+01
  99 0.11381746674166E-01 0.19712543544758E-05 -.89640433050516E+01
 100 0.11662875817018E-01 0.21209524865947E-05 -.89657066982586E+01
 101 0.11950948849698E-01 0.22820182622539E-05 -.89674453313980E+01
 102 0.12246137286286E-01 0.24553148407129E-05 -.89692622002116E+01
 103 0.12548616877257E-01 0.26417709133231E-05 -.89711603786945E+01
 104 0.12858567714125E-01 0.28423856776802E-05 -.89731430167115E+01
 105 0.13176174336664E-01 0.30582341891880E-05 -.89752133369981E+01
 106 0.13501625842780E-01 0.32904731186524E-05 -.89773746314833E+01
 107 0.13835116001096E-01 0.35403469466899E-05 -.89796302568702E+01
 108 0.14176843366324E-01 0.38091946280650E-05 -.89819836294046E+01
 109 0.14527011397472E-01 0.40984567615827E-05 -.89844382187616E+01
 110 0.14885828578989E-01 0.44096833038526E-05 -.89869975409729E+01
 111 0.15253508544890E-01 0.47445418681488E-05 -.89896651503175E+01
 112 0.15630270205949E-01 0.51048266527040E-05 -.89924446300961E+01
 113 0.16016337880036E-01 0.54924680461336E-05 -.89953395822039E+01
 114 0.16411941425673E-01 0.59095429612954E-05 -.89983536154198E+01
 115 0.16817316378887E-01 0.63582859527663E-05 -.90014903323247E+01
 116 0.17232704093446E-01 0.68411011772979E-05 -.90047533147641E+01
 117 0.17658351884554E-01 0.73605752610933E-05 -.90081461077705E+01
 118 0.18094513176102E-01 0.79194911425790E-05 -.90116722018614E+01
 119 0.18541447651552E-01 0.85208429645339E-05 -.90153350136359E+01
 120 0.18999421408545E-01 0.91678520950156E-05 -.90191378645921E+01
 121 0.19468707117336E-01 0.98639843625301E-05 -.90230839580996E+01
 122 0.19949584183135E-01 0.10612968597338E-04 -.90271763544650E+01
 123 0.20442338912458E-01 0.11418816577730E-04 -.90314179440422E+01
 124 0.20947264683596E-01 0.12285844487563E-04 -.90358114183487E+01
 125 0.21464662121280E-01 0.13218695999374E-04 -.90403592391682E+01
 126 0.21994839275676E-01 0.14222367105988E-04 -.90450636056330E+01
 127 0.22538111805785E-01 0.15302232832837E-04 -.90499264193045E+01
 128 0.23094803167388E-01 0.16464075973151E-04 -.90549492472910E+01
 129 0.23665244805623E-01 0.17714117998887E-04 -.90601332834712E+01
 130 0.24249776352322E-01 0.19059052311787E-04 -.90654793079183E+01
 131 0.24848745828224E-01 0.20506080011331E-04 -.90709876446586E+01
 132 0.25462509850181E-01 0.22062948369640E-04 -.90766581179283E+01
 133 0.26091433843480E-01 0.23737992217684E-04 -.90824900071386E+01
 134 0.26735892259414E-01 0.25540178462509E-04 -.90884820007966E+01
 135 0.27396268798222E-01 0.27479153971708E-04 -.90946321496784E+01
 136 0.28072956637538E-01 0.29565297079087E-04 -.91009378195966E+01
 137 0.28766358666485E-01 0.31809772984553E-04 -.91073956441552E+01
 138 0.29476887725547E-01 0.34224593341706E-04 -.91140014779346E+01
 139 0.30204966852368E-01 0.36822680348629E-04 -.91207503506011E+01
 140 0.30951029533622E-01 0.39617935680994E-04 -.91276364224852E+01
 141 0.31715519963102E-01 0.42625314631983E-04 -.91346529422226E+01
 142 0.32498893306191E-01 0.45860905850789E-04 -.91417922070982E+01
 143 0.33301615970854E-01 0.49342017100723E-04 -.91490455267739E+01
 144 0.34124165885334E-01 0.53087267489424E-04 -.91564031911197E+01
 145 0.34967032782702E-01 0.57116686657383E-04 -.91638544428962E+01
 146 0.35830718492435E-01 0.61451821447268E-04 -.91713874560567E+01
 147 0.36715737239198E-01 0.66115850615433E-04 -.91789893204505E+01
 148 0.37622615949006E-01 0.71133708188733E-04 -.91866460337049E+01
 149 0.38551894562946E-01 0.76532216114632E-04 -.91943425010522E+01
 150 0.39504126358651E-01 0.82340226900624E-04 -.92020625438371E+01
 151 0.40479878279710E-01 0.88588776990645E-04 -.92097889173962E+01
 152 0.41479731273219E-01 0.95311251681490E-04 -.92175033389403E+01
 153 0.42504280635667E-01 0.10254356244161E-03 -.92251865259905E+01
 154 0.43554136367368E-01 0.11032433755837E-03 -.92328182458222E+01
 155 0.44629923535642E-01 0.11869512710816E-03 -.92403773762598E+01
 156 0.45732282646972E-01 0.12770062331685E-03 -.92478419780281E+01
 157 0.46861870028353E-01 0.13738889745671E-03 -.92551893787257E+01
 158 0.48019358218053E-01 0.14781165450976E-03 -.92623962683191E+01
 159 0.49205436366039E-01 0.15902450691800E-03 -.92694388058835E+01
 160 0.50420810644280E-01 0.17108726883693E-03 -.92762927371340E+01
 161 0.51666204667194E-01 0.18406427241267E-03 -.92829335220978E+01
 162 0.52942359922473E-01 0.19802470771327E-03 -.92893364720852E+01
 163 0.54250036212558E-01 0.21304298806340E-03 -.92954768949228E+01
 164 0.55590012107009E-01 0.22919914265819E-03 -.93013302472222E+01
 165 0.56963085406052E-01 0.24657923846790E-03 -.93068722922758E+01
 166 0.58370073615581E-01 0.26527583358958E-03 -.93120792620030E+01
 167 0.59811814433886E-01 0.28538846435736E-03 -.93169280212137E+01
 168 0.61289166250403E-01 0.30702416868824E-03 -.93213962323260E+01
 169 0.62803008656788E-01 0.33029804831753E-03 -.93254625185615E+01
 170 0.64354242970611E-01 0.35533387276663E-03 -.93291066235605E+01
 171 0.65943792771985E-01 0.38226472808793E-03 -.93323095653005E+01
 172 0.67572604453453E-01 0.41123371364637E-03 -.93350537821818E+01
 173 0.69241647783453E-01 0.44239469042678E-03 -.93373232691479E+01
 174 0.70951916483704E-01 0.47591308460075E-03 -.93391037017519E+01
 175 0.72704428820852E-01 0.51196675034686E-03 -.93403825461581E+01
 176 0.74500228212727E-01 0.55074689619581E-03 -.93411491531726E+01
 177 0.76340383849581E-01 0.59245907946657E-03 -.93413948345475E+01
 178 0.78225991330666E-01 0.63732427367371E-03 -.93411129199745E+01
 179 0.80158173316533E-01 0.68558001411878E-03 -.93402987933954E+01
 180 0.82138080197452E-01 0.73748162723280E-03 -.93389499074976E+01
 181 0.84166890778329E-01 0.79330354961192E-03 -.93370657755275E+01
 182 0.86245812980554E-01 0.85334074308582E-03 -.93346479398545E+01
 183 0.88376084561173E-01 0.91791021257970E-03 -.93316999170319E+01
 184 0.90558973849834E-01 0.98735263397576E-03 -.93282271194439E+01
 185 0.92795780503925E-01 0.10620340996506E-02 -.93242367539810E+01
 186 0.95087836282372E-01 0.11423479898614E-02 -.93197376985559E+01
 187 0.97436505838547E-01 0.12287169786765E-02 -.93147403576431E+01
 188 0.99843187532759E-01 0.13215951836973E-02 -.93092564984013E+01
 189 0.10230931426482E+00 0.14214704693957E-02 -.93032990693039E+01
 190 0.10483635432716E+00 0.15288669144990E-02 -.92968820035549E+01
 191 0.10742581227904E+00 0.16443474544884E-02 -.92900200098961E+01
 192 0.11007922984233E+00 0.17685167109421E-02 -.92827283537083E+01
 193 0.11279818681944E+00 0.19020240201441E-02 -.92750226315664E+01
 194 0.11558430203388E+00 0.20455666741012E-02 -.92669185426158E+01
 195 0.11843923429411E+00 0.21998933878558E-02 -.92584316602890E+01
 196 0.12136468338118E+00 0.23658080077529E-02 -.92495772079717E+01
 197 0.12436239106069E+00 0.25441734761152E-02 -.92403698422501E+01
 198 0.12743414211989E+00 0.27359160685956E-02 -.92308234473248E+01
 199 0.13058176543025E+00 0.29420299213097E-02 -.92209509440614E+01
 200 0.13380713503638E+00 0.31635818656954E-02 -.92107641169614E+01
 201 0.13711217127178E+00 0.34017165899062E-02 -.92002734620893E+01
 202 0.14049884190219E+00 0.36576621463989E-02 -.91894880586839E+01
 203 0.14396916329718E+00 0.39327358262330E-02 -.91784154668218E+01
 204 0.14752520163062E+00 0.42283504214390E-02 -.91670616530987E+01
 205 0.15116907411089E+00 0.45460208976319E-02 -.91554309458564E+01
 206 0.15490295024143E+00 0.48873714998283E-02 -.91435260210195E+01
 207 0.15872905311240E+00 0.52541433151646E-02 -.91313479191271E+01
 208 0.16264966072427E+00 0.56482023168801E-02 -.91188960936482E+01
 209 0.16666710734416E+00 0.60715479145253E-02 -.91061684901751E+01
 210 0.17078378489556E+00 0.65263220358345E-02 -.90931616555854E+01
 211 0.17500214438248E+00 0.70148187660680E-02 -.90798708757650E+01
 212 0.17932469734873E+00 0.75394945708277E-02 -.90662903399818E+01
 213 0.18375401737324E+00 0.81029791283777E-02 -.90524133295004E+01
 214 0.18829274160236E+00 0.87080867972927E-02 -.90382324275260E+01
 215 0.19294357231994E+00 0.93578287448077E-02 -.90237397470657E+01
 216 0.19770927855624E+00 0.10055425760475E-01 -.90089271727933E+01
 217 0.20259269773658E+00 0.10804321778626E-01 -.89937866125068E+01
 218 0.20759673737068E+00 0.11608198131625E-01 -.89783102532852E+01
 219 0.21272437678373E+00 0.12470988553906E-01 -.89624908169807E+01
 220 0.21797866889029E+00 0.13396894954300E-01 -.89463218092478E+01
 221 0.22336274201188E+00 0.14390403971040E-01 -.89297977559142E+01
 222 0.22887980173958E+00 0.15456304320046E-01 -.89129144201567E+01
 223 0.23453313284254E+00 0.16599704942576E-01 -.88956689936551E+01
 224 0.24032610122375E+00 0.17826053952920E-01 -.88780602546701E+01
 225 0.24626215592398E+00 0.19141158380544E-01 -.88600886857980E+01
 226 0.25234483117530E+00 0.20551204693694E-01 -.88417565439699E+01
 227 0.25857774850533E+00 0.22062780083063E-01 -.88230678750287E+01
 228 0.26496461889341E+00 0.23682894474394E-01 -.88040284648483E+01
 229 0.27150924498008E+00 0.25419003227918E-01 -.87846457183439E+01
 230 0.27821552333109E+00 0.27279030470105E-01 -.87649284567168E+01
 231 0.28508744675737E+00 0.29271392989347E-01 -.87448866217288E+01
 232 0.29212910669227E+00 0.31405024611749E-01 -.87245308735208E+01
 233 0.29934469562757E+00 0.33689400956214E-01 -.87038720653432E+01
 234 0.30673850960957E+00 0.36134564449413E-01 -.86829205744319E+01
 235 0.31431495079693E+00 0.38751149461082E-01 -.86616854631491E+01
 236 0.32207853008161E+00 0.41550407398476E-01 -.86401734385894E+01
 237 0.33003386977463E+00 0.44544231575840E-01 -.86183875725870E+01
 238 0.33818570635806E+00 0.47745181650764E-01 -.85963257383031E+01
 239 0.34653889330511E+00 0.51166507394461E-01 -.85739787157273E+01
 240 0.35509840396974E+00 0.54822171537946E-01 -.85513279186055E+01
 241 0.36386933454780E+00 0.58726871411329E-01 -.85283427024232E+01
 242 0.37285690711113E+00 0.62896059069759E-01 -.85049772309076E+01
 243 0.38206647271677E+00 0.67345959577991E-01 -.84811669114888E+01
 244 0.39150351459288E+00 0.72093587107316E-01 -.84568244628534E+01
 245 0.40117365140332E+00 0.77156758485207E-01 -.84318357537375E+01
 246 0.41108264059298E+00 0.82554103831313E-01 -.84060556523622E+01
 247 0.42123638181563E+00 0.88305073915580E-01 -.83793042461197E+01
 248 0.43164092044648E+00 0.94429943887833E-01 -.83513639189025E+01
 249 0.44230245118150E+00 0.10094981305608E+00 -.83219778857904E+01
 250 0.45322732172569E+00 0.10788660043648E+00 -.82908508472849E+01
 251 0.46442203657231E+00 0.11526303586540E+00 -.82576523952378E+01
 252 0.47589326087565E+00 0.12310264655684E+00 -.82220236379629E+01
 253 0.48764782441928E+00 0.13142973911283E+00 -.81835871863431E+01
 254 0.49969272568243E+00 0.14026937715292E+00 -.81419601643683E+01
 255 0.51203513600679E+00 0.14964735492939E+00 -.80967693356997E+01
 256 0.52468240386616E+00 0.15959016754011E+00 -.80476668864355E+01
 257 0.53764205924165E+00 0.17012497864778E+00 -.79943450234243E+01
 258 0.55092181810492E+00 0.18127958696619E+00 -.79365474816168E+01
 259 0.56452958701211E+00 0.19308239318490E+00 -.78740763661076E+01
 260 0.57847346781131E+00 0.20556236947618E+00 -.78067934605020E+01
 261 0.59276176246625E+00 0.21874903426133E+00 -.77346160704852E+01
 262 0.60740297799916E+00 0.23267243550625E+00 -.76575084157287E+01
 263 0.62240583155574E+00 0.24736314646195E+00 -.75754703022532E+01
 264 0.63777925559517E+00 0.26285227845386E+00 -.74885251401252E+01
 265 0.65353240320837E+00 0.27917151603947E+00 -.73967092775933E+01
 266 0.66967465356762E+00 0.29635318057378E+00 -.73000641825525E+01
 267 0.68621561751074E+00 0.31443032891686E+00 -.71986323720860E+01
 268 0.70316514326325E+00 0.33343689464906E+00 -.70924573413247E+01
 269 0.72053332230186E+00 0.35340787967880E+00 -.69815872059924E+01
 270 0.73833049536271E+00 0.37437960447710E+00 -.68660814164455E+01
 271 0.75656725859817E+00 0.39639002528330E+00 -.67460197300441E+01
 272 0.77525446988555E+00 0.41947912641751E+00 -.66215126058669E+01
 273 0.79440325529172E+00 0.44368939521816E+00 -.64927122553125E+01
 274 0.81402501569742E+00 0.46906638599897E+00 -.63598236895699E+01
 275 0.83413143358515E+00 0.49565937768511E+00 -.62231152084174E+01
 276 0.85473447999470E+00 0.52352212733829E+00 -.60829278483531E+01
 277 0.87584642165057E+00 0.55271371851472E+00 -.59396833399317E+01
 278 0.89747982826534E+00 0.58329949923443E+00 -.57938901130791E+01
 279 0.91964758002349E+00 0.61535209922021E+00 -.56461468404806E+01
 280 0.94236287525008E+00 0.64895250998760E+00 -.54971429324125E+01
 281 0.96563923826875E+00 0.68419120441370E+00 -.53476553040483E+01
 282 0.98949052745399E+00 0.72116926479320E+00 -.51985406436723E+01
 283 0.10139309434821E+01 0.75999948050911E+00 -.50507223361123E+01
 284 0.10389750377861E+01 0.80080736899128E+00 -.49051711628712E+01
 285 0.10646377212194E+01 0.84373206769980E+00 -.47628789360180E+01
 286 0.10909342729335E+01 0.88892704209681E+00 -.46248243588450E+01
 287 0.11178803494750E+01 0.93656055732350E+00 -.44919306811502E+01
 288 0.11454919941070E+01 0.98681587282862E+00 -.43650151814896E+01
 289 0.11737856463615E+01 0.10398911437176E+01 -.42447312376729E+01
 290 0.12027781518266E+01 0.10959990551672E+01 -.41315048591698E+01
 291 0.12324867721767E+01 0.11553662822142E+01 -.40254692420365E+01
 292 0.12629291954495E+01 0.12182329607392E+01 -.39264034637755E+01
 293 0.12941235465771E+01 0.12848524765775E+01 -.38336852933197E+01
 294 0.13260883981776E+01 0.13554920187365E+01 -.37462738441204E+01
 295 0.13588427816125E+01 0.14304344706296E+01 -.36627462272098E+01
 296 0.13924061983184E+01 0.15099822650850E+01 -.35814244636501E+01
 297 0.14267986314168E+01 0.15944636769191E+01 -.35006459575817E+01
 298 0.14620405576128E+01 0.16842414369406E+01 -.34192544497059E+01
 299 0.14981529593859E+01 0.17797221125540E+01 -.33374207917138E+01
 300 0.15351573374827E+01 0.18813624356718E+01 -.32569799363811E+01
 301 0.15730757237185E+01 0.00000000000000E+00 -.31784759537562E+01
 302 0.16119306940944E+01 0.00000000000000E+00 -.31018631273881E+01
 303 0.16517453822385E+01 0.00000000000000E+00 -.30270961479543E+01
 304 0.16925434931798E+01 0.00000000000000E+00 -.29541307401715E+01
 305 0.17343493174613E+01 0.00000000000000E+00 -.28829236483823E+01
 306 0.17771877456026E+01 0.00000000000000E+00 -.28134326209334E+01
 307 0.18210842829190E+01 0.00000000000000E+00 -.27456163935211E+01
 308 0.18660650647071E+01 0.00000000000000E+00 -.26794346716932E+01
 309 0.19121568718054E+01 0.00000000000000E+00 -.26148481126902E+01
 310 0.19593871465390E+01 0.00000000000000E+00 -.25518183067988E+01
 311 0.20077840090585E+01 0.00000000000000E+00 -.24903077583686E+01
 312 0.20573762740822E+01 0.00000000000000E+00 -.24302798666234E+01
 313 0.21081934680520E+01 0.00000000000000E+00 -.23716989063760E+01
 314 0.21602658467129E+01 0.00000000000000E+00 -.23145300087379E+01
 315 0.22136244131267E+01 0.00000000000000E+00 -.22587391418965E+01
 316 0.22683009361310E+01 0.00000000000000E+00 -.22042930920238E+01
 317 0.23243279692534E+01 0.00000000000000E+00 -.21511594443699E+01
 318 0.23817388700940E+01 0.00000000000000E+00 -.20993065645869E+01
 319 0.24405678201853E+01 0.00000000000000E+00 -.20487035803238E+01
 320 0.25008498453439E+01 0.00000000000000E+00 -.19993203631277E+01
 321 0.25626208365239E+01 0.00000000000000E+00 -.19511275106791E+01
 322 0.26259175711860E+01 0.00000000000000E+00 -.19040963293827E+01
 323 0.26907777351943E+01 0.00000000000000E+00 -.18581988173305E+01
 324 0.27572399452536E+01 0.00000000000000E+00 -.18134076476453E+01
 325 0.28253437719014E+01 0.00000000000000E+00 -.17696961522095E+01
 326 0.28951297630673E+01 0.00000000000000E+00 -.17270383057780E+01
 327 0.29666394682151E+01 0.00000000000000E+00 -.16854087104709E+01
 328 0.30399154630800E+01 0.00000000000000E+00 -.16447825806416E+01
 329 0.31150013750181E+01 0.00000000000000E+00 -.16051357281103E+01
 330 0.31919419089810E+01 0.00000000000000E+00 -.15664445477563E+01
 331 0.32707828741328E+01 0.00000000000000E+00 -.15286860034585E+01
 332 0.33515712111239E+01 0.00000000000000E+00 -.14918376143773E+01
 333 0.34343550200387E+01 0.00000000000000E+00 -.14558774415676E+01
 334 0.35191835890336E+01 0.00000000000000E+00 -.14207840749158E+01
 335 0.36061074236828E+01 0.00000000000000E+00 -.13865366203915E+01
 336 0.36951782770477E+01 0.00000000000000E+00 -.13531146876073E+01
 337 0.37864491804908E+01 0.00000000000000E+00 -.13204983776785E+01
 338 0.38799744752489E+01 0.00000000000000E+00 -.12886682713755E+01
 339 0.39758098447876E+01 0.00000000000000E+00 -.12576054175617E+01
 340 0.40740123479538E+01 0.00000000000000E+00 -.12272913219105E+01
 341 0.41746404529483E+01 0.00000000000000E+00 -.11977079358939E+01
 342 0.42777540721361E+01 0.00000000000000E+00 -.11688376460368E+01
 343 0.43834145977179E+01 0.00000000000000E+00 -.11406632634301E+01
 344 0.44916849382815E+01 0.00000000000000E+00 -.11131680134967E+01
 345 0.46026295562571E+01 0.00000000000000E+00 -.10863355260044E+01
 346 0.47163145062966E+01 0.00000000000000E+00 -.10601498253190E+01
 347 0.48328074746021E+01 0.00000000000000E+00 -.10345953208929E+01
 348 0.49521778192248E+01 0.00000000000000E+00 -.10096567979828E+01
 349 0.50744966113597E+01 0.00000000000000E+00 -.98531940859058E+00
 350 0.51998366776603E+01 0.00000000000000E+00 -.96156866262377E+00
 351 0.53282726435985E+01 0.00000000000000E+00 -.93839041926786E+00
 352 0.54598809778953E+01 0.00000000000000E+00 -.91577087856725E+00
 353 0.55947400380494E+01 0.00000000000000E+00 -.89369657320899E+00
 354 0.57329301169892E+01 0.00000000000000E+00 -.87215436050453E+00
 355 0.58745334908788E+01 0.00000000000000E+00 -.85113141456478E+00
 356 0.60196344681035E+01 0.00000000000000E+00 -.83061521866378E+00
 357 0.61683194394657E+01 0.00000000000000E+00 -.81059355778646E+00
 358 0.63206769296205E+01 0.00000000000000E+00 -.79105451135597E+00
 359 0.64767976497821E+01 0.00000000000000E+00 -.77198644613640E+00
 360 0.66367745517317E+01 0.00000000000000E+00 -.75337800930653E+00
 361 0.68007028831595E+01 0.00000000000000E+00 -.73521812170053E+00
 362 0.69686802443735E+01 0.00000000000000E+00 -.71749597121160E+00
 363 0.71408066464096E+01 0.00000000000000E+00 -.70020100635465E+00
 364 0.73171845705759E+01 0.00000000000000E+00 -.68332292998404E+00
 365 0.74979190294691E+01 0.00000000000000E+00 -.66685169316292E+00
 366 0.76831176294970E+01 0.00000000000000E+00 -.65077748918017E+00
 367 0.78728906349456E+01 0.00000000000000E+00 -.63509074771169E+00
 368 0.80673510336287E+01 0.00000000000000E+00 -.61978212912237E+00
 369 0.82666146041593E+01 0.00000000000000E+00 -.60484251890541E+00
 370 0.84707999848821E+01 0.00000000000000E+00 -.59026302225569E+00
 371 0.86800287445087E+01 0.00000000000000E+00 -.57603495877397E+00
 372 0.88944254544980E+01 0.00000000000000E+00 -.56214985729870E+00
 373 0.91141177632241E+01 0.00000000000000E+00 -.54859945086239E+00
 374 0.93392364719758E+01 0.00000000000000E+00 -.53537567176968E+00
 375 0.95699156128336E+01 0.00000000000000E+00 -.52247064679388E+00
 376 0.98062925284705E+01 0.00000000000000E+00 -.50987669248939E+00
 377 0.10048507953924E+02 0.00000000000000E+00 -.49758631061714E+00
 378 0.10296706100386E+02 0.00000000000000E+00 -.48559218368024E+00
 379 0.10551034741065E+02 0.00000000000000E+00 -.47388717056723E+00
 380 0.10811645299170E+02 0.00000000000000E+00 -.46246430230041E+00
 381 0.11078692938059E+02 0.00000000000000E+00 -.45131677788661E+00
 382 0.11352336653629E+02 0.00000000000000E+00 -.44043796026799E+00
 383 0.11632739368974E+02 0.00000000000000E+00 -.42982137237044E+00
 384 0.11920068031387E+02 0.00000000000000E+00 -.41946069324724E+00
 385 0.12214493711763E+02 0.00000000000000E+00 -.40934975431564E+00
 386 0.12516191706443E+02 0.00000000000000E+00 -.39948253568424E+00
 387 0.12825341641592E+02 0.00000000000000E+00 -.38985316256879E+00
 388 0.13142127580140E+02 0.00000000000000E+00 -.38045590179447E+00
 389 0.13466738131369E+02 0.00000000000000E+00 -.37128515838242E+00
 390 0.13799366563214E+02 0.00000000000000E+00 -.36233547221862E+00
 391 0.14140210917325E+02 0.00000000000000E+00 -.35360151480299E+00
 392 0.14489474126983E+02 0.00000000000000E+00 -.34507808607689E+00
 393 0.14847364137920E+02 0.00000000000000E+00 -.33676011132711E+00
 394 0.15214094032126E+02 0.00000000000000E+00 -.32864263816445E+00
 395 0.15589882154720E+02 0.00000000000000E+00 -.32072083357514E+00
 396 0.15974952243941E+02 0.00000000000000E+00 -.31298998104337E+00
 397 0.16369533564367E+02 0.00000000000000E+00 -.30544547774312E+00
 398 0.16773861043407E+02 0.00000000000000E+00 -.29808283179771E+00
 399 0.17188175411179E+02 0.00000000000000E+00 -.29089765960546E+00
 400 0.17612723343835E+02 0.00000000000000E+00 -.28388568322969E+00
 401 0.18047757610428E+02 0.00000000000000E+00 -.27704272785175E+00
 402 0.18493537223405E+02 0.00000000000000E+00 -.27036471928540E+00
 403 0.18950327592823E+02 0.00000000000000E+00 -.26384768155109E+00
 404 0.19418400684366E+02 0.00000000000000E+00 -.25748773450872E+00
 405 0.19898035181270E+02 0.00000000000000E+00 -.25128109154750E+00
 406 0.20389516650247E+02 0.00000000000000E+00 -.24522405733141E+00
 407 0.20893137711508E+02 0.00000000000000E+00 -.23931302559911E+00
 408 0.21409198212983E+02 0.00000000000000E+00 -.23354447701680E+00
 409 0.21938005408843E+02 0.00000000000000E+00 -.22791497708285E+00
 410 0.22479874142442E+02 0.00000000000000E+00 -.22242117408300E+00
 411 0.23035127033760E+02 0.00000000000000E+00 -.21705979709476E+00
 412 0.23604094671494E+02 0.00000000000000E+00 -.21182765403997E+00
 413 0.24187115809880E+02 0.00000000000000E+00 -.20672162978430E+00
 414 0.24784537570384E+02 0.00000000000000E+00 -.20173868428252E+00
 415 0.25396715648372E+02 0.00000000000000E+00 -.19687585076854E+00
 416 0.26024014524887E+02 0.00000000000000E+00 -.19213023398901E+00
 417 0.26666807683652E+02 0.00000000000000E+00 -.18749900847957E+00
 418 0.27325477833438E+02 0.00000000000000E+00 -.18297941688257E+00
 419 0.28000417135924E+02 0.00000000000000E+00 -.17856876830542E+00
 420 0.28692027439181E+02 0.00000000000000E+00 -.17426443671848E+00
 421 0.29400720516929E+02 0.00000000000000E+00 -.17006385939151E+00
 422 0.30126918313697E+02 0.00000000000000E+00 -.16596453536792E+00
 423 0.30871053196045E+02 0.00000000000000E+00 -.16196402397572E+00
 424 0.31633568209988E+02 0.00000000000000E+00 -.15805994337437E+00
 425 0.32414917344774E+02 0.00000000000000E+00 -.15424996913670E+00
 426 0.33215565803190E+02 0.00000000000000E+00 -.15053183286493E+00
 427 0.34035990278529E+02 0.00000000000000E+00 -.14690332084018E+00
 428 0.34876679238409E+02 0.00000000000000E+00 -.14336227270438E+00
 429 0.35738133215598E+02 0.00000000000000E+00 -.13990658017408E+00
 430 0.36620865106023E+02 0.00000000000000E+00 -.13653418578519E+00
 431 0.37525400474142E+02 0.00000000000000E+00 -.13324308166799E+00
 432 0.38452277865853E+02 0.00000000000000E+00 -.13003130835170E+00
 433 0.39402049129139E+02 0.00000000000000E+00 -.12689695359783E+00
 434 0.40375279742629E+02 0.00000000000000E+00 -.12383815126167E+00
 435 0.41372549152272E+02 0.00000000000000E+00 -.12085308018120E+00
 436 0.42394451116333E+02 0.00000000000000E+00 -.11793996309280E+00
 437 0.43441594058907E+02 0.00000000000000E+00 -.11509706557315E+00
 438 0.44514601432162E+02 0.00000000000000E+00 -.11232269500649E+00
 439 0.45614112087536E+02 0.00000000000000E+00 -.10961519957694E+00
 440 0.46740780656098E+02 0.00000000000000E+00 -.10697296728500E+00
 441 0.47895277938304E+02 0.00000000000000E+00 -.10439442498780E+00
 442 0.49078291303380E+02 0.00000000000000E+00 -.10187803746248E+00
 443 0.50290525098573E+02 0.00000000000000E+00 -.99422306492120E-01
 444 0.51532701068508E+02 0.00000000000000E+00 -.97025769973768E-01
 445 0.52805558784900E+02 0.00000000000000E+00 -.94687001047885E-01
 446 0.54109856086887E+02 0.00000000000000E+00 -.92404607248839E-01
 447 0.55446369532233E+02 0.00000000000000E+00 -.90177229675845E-01
 448 0.56815894859680E+02 0.00000000000000E+00 -.88003542183903E-01
 449 0.58219247462714E+02 0.00000000000000E+00 -.85882250594226E-01
 450 0.59657262875043E+02 0.00000000000000E+00 -.83812091923710E-01
 451 0.61130797268056E+02 0.00000000000000E+00 -.81791833632975E-01
 452 0.62640727960577E+02 0.00000000000000E+00 -.79820272892530E-01
 453 0.64187953941203E+02 0.00000000000000E+00 -.77896235866624E-01
 454 0.65773396403551E+02 0.00000000000000E+00 -.76018577014369E-01
 455 0.67397999294719E+02 0.00000000000000E+00 -.74186178407699E-01
 456 0.69062729877298E+02 0.00000000000000E+00 -.72397949065775E-01
 457 0.70768579305268E+02 0.00000000000000E+00 -.70652824305430E-01
 458 0.72516563214108E+02 0.00000000000000E+00 -.68949765107281E-01
 459 0.74307722325496E+02 0.00000000000000E+00 -.67287757497102E-01
 460 0.76143123066936E+02 0.00000000000000E+00 -.65665811942132E-01
 461 0.78023858206689E+02 0.00000000000000E+00 -.64082962761912E-01
