0.40000000000000E+01   3
  0.0000    0.0000    0.0000   0.0000
  0.0000    .00e+00   .00e+00
  0.0000    .00e+00   .00e+00
  0.0000    .00e+00   .00e+00
  0.0000    .00e+00   .00e+00
  0.0000    .00e+00   .00e+00
  0.0000    .00e+00   .00e+00
  0.0000    .00e+00   .00e+00
  0.0000    .00e+00   .00e+00
  0.0000    .00e+00   .00e+00
461  0.10247000000000E+01
   1 0.10416666666667E-02 0.77361404394487E-03 -.24537668839444E+01
   2 0.10673958333333E-02 0.79272231083031E-03 -.24537779742972E+01
   3 0.10937605104167E-02 0.81230255190782E-03 -.24537895947738E+01
   4 0.11207763950240E-02 0.83236642493994E-03 -.24538017724343E+01
   5 0.11484595719810E-02 0.85292587614495E-03 -.24538145356742E+01
   6 0.11768265234090E-02 0.87399314681691E-03 -.24538279142916E+01
   7 0.12058941385372E-02 0.89558077999842E-03 -.24538419395575E+01
   8 0.12356797237591E-02 0.91770162874762E-03 -.24538566442886E+01
   9 0.12662010129359E-02 0.94036886356717E-03 -.24538720629249E+01
  10 0.12974761779554E-02 0.96359598027673E-03 -.24538882316109E+01
  11 0.13295238395509E-02 0.98739680804909E-03 -.24539051882799E+01
  12 0.13623630783878E-02 0.10117855176444E-02 -.24539229727437E+01
  13 0.13960134464240E-02 0.10367766298481E-02 -.24539416267858E+01
  14 0.14304949785507E-02 0.10623850241168E-02 -.24539611942596E+01
  15 0.14658282045209E-02 0.10886259474381E-02 -.24539817211914E+01
  16 0.15020341611725E-02 0.11155150234096E-02 -.24540032558880E+01
  17 0.15391344049535E-02 0.11430682615415E-02 -.24540258490506E+01
  18 0.15771510247559E-02 0.11713020667895E-02 -.24540495538931E+01
  19 0.16161066550673E-02 0.12002332493231E-02 -.24540744262669E+01
  20 0.16560244894475E-02 0.12298790345354E-02 -.24541005247918E+01
  21 0.16969282943368E-02 0.12602570732997E-02 -.24541279109929E+01
  22 0.17388424232070E-02 0.12913854524803E-02 -.24541566494445E+01
  23 0.17817918310602E-02 0.13232827057021E-02 -.24541868079208E+01
  24 0.18258020892874E-02 0.13559678243872E-02 -.24542184575545E+01
  25 0.18708994008928E-02 0.13894602690635E-02 -.24542516730023E+01
  26 0.19171106160948E-02 0.14237799809528E-02 -.24542865326187E+01
  27 0.19644632483123E-02 0.14589473938459E-02 -.24543231186389E+01
  28 0.20129854905457E-02 0.14949834462699E-02 -.24543615173695E+01
  29 0.20627062321621E-02 0.15319095939576E-02 -.24544018193890E+01
  30 0.21136550760965E-02 0.15697478226236E-02 -.24544441197584E+01
  31 0.21658623564761E-02 0.16085206610574E-02 -.24544885182406E+01
  32 0.22193591566811E-02 0.16482511945389E-02 -.24545351195321E+01
  33 0.22741773278511E-02 0.16889630785864E-02 -.24545840335044E+01
  34 0.23303495078490E-02 0.17306805530436E-02 -.24546353754574E+01
  35 0.23879091406929E-02 0.17734284565152E-02 -.24546892663854E+01
  36 0.24468904964680E-02 0.18172322411590E-02 -.24547458332553E+01
  37 0.25073286917308E-02 0.18621179878436E-02 -.24548052092976E+01
  38 0.25692597104165E-02 0.19081124216811E-02 -.24548675343126E+01
  39 0.26327204252638E-02 0.19552429279431E-02 -.24549329549894E+01
  40 0.26977486197678E-02 0.20035375683705E-02 -.24550016252410E+01
  41 0.27643830106761E-02 0.20530250978861E-02 -.24550737065553E+01
  42 0.28326632710398E-02 0.21037349817210E-02 -.24551493683615E+01
  43 0.29026300538345E-02 0.21556974129636E-02 -.24552287884146E+01
  44 0.29743250161642E-02 0.22089433305424E-02 -.24553121531976E+01
  45 0.30477908440635E-02 0.22635044376542E-02 -.24553996583417E+01
  46 0.31230712779118E-02 0.23194132206471E-02 -.24554915090669E+01
  47 0.32002111384762E-02 0.23767029683704E-02 -.24555879206420E+01
  48 0.32792563535966E-02 0.24354077920035E-02 -.24556891188662E+01
  49 0.33602539855304E-02 0.24955626453743E-02 -.24557953405720E+01
  50 0.34432522589730E-02 0.25572033457808E-02 -.24559068341520E+01
  51 0.35283005897697E-02 0.26203665953266E-02 -.24560238601078E+01
  52 0.36154496143370E-02 0.26850900027854E-02 -.24561466916249E+01
  53 0.37047512198111E-02 0.27514121060047E-02 -.24562756151727E+01
  54 0.37962585749404E-02 0.28193723948650E-02 -.24564109311305E+01
  55 0.38900261617415E-02 0.28890113348056E-02 -.24565529544420E+01
  56 0.39861098079365E-02 0.29603703909337E-02 -.24567020152971E+01
  57 0.40845667201925E-02 0.30334920527285E-02 -.24568584598443E+01
  58 0.41854555181813E-02 0.31084198593576E-02 -.24570226509328E+01
  59 0.42888362694803E-02 0.31851984256194E-02 -.24571949688864E+01
  60 0.43947705253365E-02 0.32638734685270E-02 -.24573758123100E+01
  61 0.45033213573123E-02 0.33444918345507E-02 -.24575655989295E+01
  62 0.46145533948379E-02 0.34271015275341E-02 -.24577647664660E+01
  63 0.47285328636904E-02 0.35117517373014E-02 -.24579737735463E+01
  64 0.48453276254236E-02 0.35984928689731E-02 -.24581931006486E+01
  65 0.49650072177716E-02 0.36873765730069E-02 -.24584232510872E+01
  66 0.50876428960505E-02 0.37784557759825E-02 -.24586647520339E+01
  67 0.52133076755830E-02 0.38717847121492E-02 -.24589181555796E+01
  68 0.53420763751699E-02 0.39674189557545E-02 -.24591840398355E+01
  69 0.54740256616366E-02 0.40654154541727E-02 -.24594630100748E+01
  70 0.56092340954790E-02 0.41658325618554E-02 -.24597556999158E+01
  71 0.57477821776373E-02 0.42687300751225E-02 -.24600627725467E+01
  72 0.58897523974249E-02 0.43741692678149E-02 -.24603849219922E+01
  73 0.60352292816413E-02 0.44822129278316E-02 -.24607228744234E+01
  74 0.61842994448979E-02 0.45929253945721E-02 -.24610773895088E+01
  75 0.63370516411869E-02 0.47063725973064E-02 -.24614492618089E+01
  76 0.64935768167242E-02 0.48226220944980E-02 -.24618393222122E+01
  77 0.66539681640973E-02 0.49417431141003E-02 -.24622484394129E+01
  78 0.68183211777505E-02 0.50638065948538E-02 -.24626775214290E+01
  79 0.69867337108409E-02 0.51888852286079E-02 -.24631275171603E+01
  80 0.71593060334987E-02 0.53170535036921E-02 -.24635994179843E+01
  81 0.73361408925261E-02 0.54483877493649E-02 -.24640942593879E+01
  82 0.75173435725715E-02 0.55829661813654E-02 -.24646131226336E+01
  83 0.77030219588140E-02 0.57208689485970E-02 -.24651571364563E+01
  84 0.78932866011967E-02 0.58621781809699E-02 -.24657274787881E+01
  85 0.80882507802463E-02 0.60069780384330E-02 -.24663253785068E+01
  86 0.82880305745183E-02 0.61553547612250E-02 -.24669521172034E+01
  87 0.84927449297089E-02 0.63073967213735E-02 -.24676090309644E+01
  88 0.87025157294728E-02 0.64631944754768E-02 -.24682975121609E+01
  89 0.89174678679907E-02 0.66228408187974E-02 -.24690190112394E+01
  90 0.91377293243301E-02 0.67864308407031E-02 -.24697750385048E+01
  91 0.93634312386411E-02 0.69540619814875E-02 -.24705671658882E+01
  92 0.95947079902355E-02 0.71258340906069E-02 -.24713970286880E+01
  93 0.98316972775943E-02 0.73018494863673E-02 -.24722663272731E+01
  94 0.10074540200351E-01 0.74822130171007E-02 -.24731768287362E+01
  95 0.10323381343300E-01 0.76670321238661E-02 -.24741303684829E+01
  96 0.10578368862479E-01 0.78564169047160E-02 -.24751288517393E+01
  97 0.10839654573382E-01 0.80504801805671E-02 -.24761742549627E+01
  98 0.11107394041345E-01 0.82493375627163E-02 -.24772686271341E+01
  99 0.11381746674166E-01 0.84531075220444E-02 -.24784140909128E+01
 100 0.11662875817018E-01 0.86619114599506E-02 -.24796128436282E+01
 101 0.11950948849698E-01 0.88758737810621E-02 -.24808671580833E+01
 102 0.12246137286286E-01 0.90951219677638E-02 -.24821793831431E+01
 103 0.12548616877257E-01 0.93197866565960E-02 -.24835519440743E+01
 104 0.12858567714125E-01 0.95500017165679E-02 -.24849873426062E+01
 105 0.13176174336664E-01 0.97859043294358E-02 -.24864881566735E+01
 106 0.13501625842780E-01 0.10027635071998E-01 -.24880570398042E+01
 107 0.13835116001096E-01 0.10275338000455E-01 -.24896967201079E+01
 108 0.14176843366324E-01 0.10529160736901E-01 -.24914099988211E+01
 109 0.14527011397472E-01 0.10789254557977E-01 -.24931997483590E+01
 110 0.14885828578989E-01 0.11055774485775E-01 -.24950689098225E+01
 111 0.15253508544890E-01 0.11328879381024E-01 -.24970204899043E+01
 112 0.15630270205949E-01 0.11608732038635E-01 -.24990575571348E+01
 113 0.16016337880036E-01 0.11895499285658E-01 -.25011832374061E+01
 114 0.16411941425673E-01 0.12189352081718E-01 -.25034007087077E+01
 115 0.16817316378887E-01 0.12490465621999E-01 -.25057131950049E+01
 116 0.17232704093446E-01 0.12799019442841E-01 -.25081239591876E+01
 117 0.17658351884554E-01 0.13115197530010E-01 -.25106362950162E+01
 118 0.18094513176102E-01 0.13439188429736E-01 -.25132535179854E+01
 119 0.18541447651552E-01 0.13771185362572E-01 -.25159789550284E+01
 120 0.18999421408545E-01 0.14111386340153E-01 -.25188159329806E+01
 121 0.19468707117336E-01 0.14459994284952E-01 -.25217677657220E+01
 122 0.19949584183135E-01 0.14817217153084E-01 -.25248377399161E+01
 123 0.20442338912458E-01 0.15183268060274E-01 -.25280290992677E+01
 124 0.20947264683596E-01 0.15558365411051E-01 -.25313450272191E+01
 125 0.21464662121280E-01 0.15942733031266E-01 -.25347886280133E+01
 126 0.21994839275676E-01 0.16336600304036E-01 -.25383629060519E+01
 127 0.22538111805785E-01 0.16740202309183E-01 -.25420707434877E+01
 128 0.23094803167388E-01 0.17153779966305E-01 -.25459148759957E+01
 129 0.23665244805623E-01 0.17577580181537E-01 -.25498978666796E+01
 130 0.24249776352322E-01 0.18011855998148E-01 -.25540220780821E+01
 131 0.24848745828224E-01 0.18456866751052E-01 -.25582896422832E+01
 132 0.25462509850181E-01 0.18912878225366E-01 -.25627024290886E+01
 133 0.26091433843480E-01 0.19380162819115E-01 -.25672620123296E+01
 134 0.26735892259414E-01 0.19858999710222E-01 -.25719696343218E+01
 135 0.27396268798222E-01 0.20349675027897E-01 -.25768261685539E+01
 136 0.28072956637538E-01 0.20852482028553E-01 -.25818320807095E+01
 137 0.28766358666485E-01 0.21367721276395E-01 -.25869873881576E+01
 138 0.29476887725547E-01 0.21895700828811E-01 -.25922916180831E+01
 139 0.30204966852368E-01 0.22436736426711E-01 -.25977437644677E+01
 140 0.30951029533622E-01 0.22991151689975E-01 -.26033422441759E+01
 141 0.31715519963102E-01 0.23559278318149E-01 -.26090848524413E+01
 142 0.32498893306191E-01 0.24141456296569E-01 -.26149687181012E+01
 143 0.33301615970854E-01 0.24738034108068E-01 -.26209902589703E+01
 144 0.34124165885334E-01 0.25349368950454E-01 -.26271451377992E+01
 145 0.34967032782702E-01 0.25975826959930E-01 -.26334282193111E+01
 146 0.35830718492435E-01 0.26617783440656E-01 -.26398335288588E+01
 147 0.36715737239198E-01 0.27275623100651E-01 -.26463542132967E+01
 148 0.37622615949006E-01 0.27949740294232E-01 -.26529825047022E+01
 149 0.38551894562946E-01 0.28640539271224E-01 -.26597096876271E+01
 150 0.39504126358651E-01 0.29348434433150E-01 -.26665260705934E+01
 151 0.40479878279710E-01 0.30073850596642E-01 -.26734209625768E+01
 152 0.41479731273219E-01 0.30817223264332E-01 -.26803826552436E+01
 153 0.42504280635667E-01 0.31578998903455E-01 -.26873984117151E+01
 154 0.43554136367368E-01 0.32359635232459E-01 -.26944544626347E+01
 155 0.44629923535642E-01 0.33159601515887E-01 -.27015360102974E+01
 156 0.45732282646972E-01 0.33979378867837E-01 -.27086272415737E+01
 157 0.46861870028353E-01 0.34819460564303E-01 -.27157113503137E+01
 158 0.48019358218053E-01 0.35680352364729E-01 -.27227705698594E+01
 159 0.49205436366039E-01 0.36562572843103E-01 -.27297862162087E+01
 160 0.50420810644280E-01 0.37466653728971E-01 -.27367387422852E+01
 161 0.51666204667194E-01 0.38393140258728E-01 -.27436078036448E+01
 162 0.52942359922473E-01 0.39342591537583E-01 -.27503723358246E+01
 163 0.54250036212558E-01 0.40315580912633E-01 -.27570106433856E+01
 164 0.55590012107009E-01 0.41312696357454E-01 -.27635005005380E+01
 165 0.56963085406052E-01 0.42334540868697E-01 -.27698192630596E+01
 166 0.58370073615581E-01 0.43381732875155E-01 -.27759439910262E+01
 167 0.59811814433886E-01 0.44454906659826E-01 -.27818515816776E+01
 168 0.61289166250403E-01 0.45554712795503E-01 -.27875189115368E+01
 169 0.62803008656788E-01 0.46681818594466E-01 -.27929229866968E+01
 170 0.64354242970611E-01 0.47836908572875E-01 -.27980410999843E+01
 171 0.65943792771985E-01 0.49020684930500E-01 -.28028509935158E+01
 172 0.67572604453453E-01 0.50233868046464E-01 -.28073310249724E+01
 173 0.69241647783453E-01 0.51477196991699E-01 -.28114603357523E+01
 174 0.70951916483704E-01 0.52751430058879E-01 -.28152190190041E+01
 175 0.72704428820852E-01 0.54057345310618E-01 -.28185882854197E+01
 176 0.74500228212727E-01 0.55395741146774E-01 -.28215506245625E+01
 177 0.76340383849581E-01 0.56767436891763E-01 -.28240899594381E+01
 178 0.78225991330666E-01 0.58173273402811E-01 -.28261917919805E+01
 179 0.80158173316533E-01 0.59614113700164E-01 -.28278433371315E+01
 180 0.82138080197452E-01 0.61090843620313E-01 -.28290336432331E+01
 181 0.84166890778329E-01 0.62604372493357E-01 -.28297536965427E+01
 182 0.86245812980554E-01 0.64155633845712E-01 -.28299965078118E+01
 183 0.88376084561173E-01 0.65745586129429E-01 -.28297571790478E+01
 184 0.90558973849834E-01 0.67375213479482E-01 -.28290329488012E+01
 185 0.92795780503925E-01 0.69045526500448E-01 -.28278232145909E+01
 186 0.95087836282372E-01 0.70757563084107E-01 -.28261295313948E+01
 187 0.97436505838547E-01 0.72512389259587E-01 -.28239555854847E+01
 188 0.99843187532759E-01 0.74311100077760E-01 -.28213071432812E+01
 189 0.10230931426482E+00 0.76154820531736E-01 -.28181919753245E+01
 190 0.10483635432716E+00 0.78044706515373E-01 -.28146197559122E+01
 191 0.10742581227904E+00 0.79981945821881E-01 -.28106019394178E+01
 192 0.11007922984233E+00 0.81967759184713E-01 -.28061516147862E+01
 193 0.11279818681944E+00 0.84003401363058E-01 -.28012833401707E+01
 194 0.11558430203388E+00 0.86090162274419E-01 -.27960129601395E+01
 195 0.11843923429411E+00 0.88229368176890E-01 -.27903574083128E+01
 196 0.12136468338118E+00 0.90422382903922E-01 -.27843344986856E+01
 197 0.12436239106069E+00 0.92670609154526E-01 -.27779627092375E+01
 198 0.12743414211989E+00 0.94975489842043E-01 -.27712609617123E+01
 199 0.13058176543025E+00 0.97338509504784E-01 -.27642484016644E+01
 200 0.13380713503638E+00 0.99761195782056E-01 -.27569441830014E+01
 201 0.13711217127178E+00 0.10224512095927E+00 -.27493672613039E+01
 202 0.14049884190219E+00 0.10479190358601E+00 -.27415362001702E+01
 203 0.14396916329718E+00 0.10740321017128E+00 -.27334689947189E+01
 204 0.14752520163062E+00 0.11008075696009E+00 -.27251829161841E+01
 205 0.15116907411089E+00 0.11282631179608E+00 -.27166943812753E+01
 206 0.15490295024143E+00 0.11564169607492E+00 -.27080188496466E+01
 207 0.15872905311240E+00 0.11852878679333E+00 -.26991707524418E+01
 208 0.16264966072427E+00 0.12148951869912E+00 -.26901634544704E+01
 209 0.16666710734416E+00 0.12452588654741E+00 -.26810092521302E+01
 210 0.17078378489556E+00 0.12763994746866E+00 -.26717194087429E+01
 211 0.17500214438248E+00 0.13083382345432E+00 -.26623042285130E+01
 212 0.17932469734873E+00 0.13410970396562E+00 -.26527731698754E+01
 213 0.18375401737324E+00 0.13746984867173E+00 -.26431349985518E+01
 214 0.18829274160236E+00 0.14091659032288E+00 -.26333979802090E+01
 215 0.19294357231994E+00 0.14445233776447E+00 -.26235701121870E+01
 216 0.19770927855624E+00 0.14807957909777E+00 -.26136593933404E+01
 217 0.20259269773658E+00 0.15180088499264E+00 -.26036741306092E+01
 218 0.20759673737068E+00 0.15561891215728E+00 -.25936232804823E+01
 219 0.21272437678373E+00 0.15953640696942E+00 -.25835168230443E+01
 220 0.21797866889029E+00 0.16355620927271E+00 -.25733661657776E+01
 221 0.22336274201188E+00 0.16768125634070E+00 -.25631845737308E+01
 222 0.22887980173958E+00 0.17191458700990E+00 -.25529876220544E+01
 223 0.23453313284254E+00 0.17625934598132E+00 -.25427936662400E+01
 224 0.24032610122375E+00 0.18071878828780E+00 -.25326243247001E+01
 225 0.24626215592398E+00 0.18529628392206E+00 -.25225049675881E+01
 226 0.25234483117530E+00 0.18999532261650E+00 -.25124652050150E+01
 227 0.25857774850533E+00 0.19481951876228E+00 -.25025393670770E+01
 228 0.26496461889341E+00 0.19977261644982E+00 -.24927669674020E+01
 229 0.27150924498008E+00 0.20485849460710E+00 -.24831931412546E+01
 230 0.27821552333109E+00 0.21008117220467E+00 -.24738690486284E+01
 231 0.28508744675737E+00 0.21544481348778E+00 -.24648522321828E+01
 232 0.29212910669227E+00 0.22095373318526E+00 -.24562069193318E+01
 233 0.29934469562757E+00 0.22661240163268E+00 -.24480042571957E+01
 234 0.30673850960957E+00 0.23242544973222E+00 -.24403224684229E+01
 235 0.31431495079693E+00 0.23839767365426E+00 -.24332469149604E+01
 236 0.32207853008161E+00 0.24453403916480E+00 -.24268700556059E+01
 237 0.33003386977463E+00 0.25083968543860E+00 -.24212912814980E+01
 238 0.33818570635806E+00 0.25731992818903E+00 -.24166166115614E+01
 239 0.34653889330511E+00 0.26398026191195E+00 -.24129582273403E+01
 240 0.35509840396974E+00 0.27082636100187E+00 -.24104338238359E+01
 241 0.36386933454780E+00 0.27786407945278E+00 -.24091657503052E+01
 242 0.37285690711113E+00 0.28509944880299E+00 -.24092799131942E+01
 243 0.38206647271677E+00 0.29253867392218E+00 -.24109044135252E+01
 244 0.39150351459288E+00 0.30018812616796E+00 -.24141678945994E+01
 245 0.40117365140332E+00 0.30805433335860E+00 -.24191975846473E+01
 246 0.41108264059298E+00 0.31614396591570E+00 -.24261170351548E+01
 247 0.42123638181563E+00 0.32446381842568E+00 -.24350435810602E+01
 248 0.43164092044648E+00 0.33302078575024E+00 -.24460855853767E+01
 249 0.44230245118150E+00 0.34182183268226E+00 -.24593395782594E+01
 250 0.45322732172569E+00 0.35087395599548E+00 -.24748874570027E+01
 251 0.46442203657231E+00 0.36018413757167E+00 -.24927939733948E+01
 252 0.47589326087565E+00 0.36975928710996E+00 -.25131047883600E+01
 253 0.48764782441928E+00 0.37960617272882E+00 -.25358454063386E+01
 254 0.49969272568243E+00 0.38973133756569E+00 -.25610212953005E+01
 255 0.51203513600679E+00 0.40014100026457E+00 -.25886194341125E+01
 256 0.52468240386616E+00 0.41084093702417E+00 -.26186113934671E+01
 257 0.53764205924165E+00 0.42183634266731E+00 -.26509578478613E+01
 258 0.55092181810492E+00 0.43313166799508E+00 -.26856141508188E+01
 259 0.56452958701211E+00 0.44473043052543E+00 -.27225363223962E+01
 260 0.57847346781131E+00 0.45663499560209E+00 -.27616865547006E+01
 261 0.59276176246625E+00 0.46884632482503E+00 -.28030372029594E+01
 262 0.60740297799916E+00 0.48136368882994E+00 -.28465722509188E+01
 263 0.62240583155574E+00 0.49418434167324E+00 -.28922854432629E+01
 264 0.63777925559517E+00 0.50730315451224E+00 -.29401746429582E+01
 265 0.65353240320837E+00 0.52071220696723E+00 -.29902324324544E+01
 266 0.66967465356762E+00 0.53440033558515E+00 -.30424334413632E+01
 267 0.68621561751074E+00 0.54835264027262E+00 -.30967192565636E+01
 268 0.70316514326325E+00 0.56254995151724E+00 -.31529819887650E+01
 269 0.72053332230186E+00 0.57696826376175E+00 -.32110476132830E+01
 270 0.73833049536271E+00 0.59157814352193E+00 -.32706600996566E+01
 271 0.75656725859817E+00 0.60634412482143E+00 -.33314671547401E+01
 272 0.77525446988555E+00 0.62122410929971E+00 -.33930081975675E+01
 273 0.79440325529172E+00 0.63616879393104E+00 -.34547050221840E+01
 274 0.81402501569742E+00 0.65112115559682E+00 -.35158555243673E+01
 275 0.83413143358515E+00 0.66601602860032E+00 -.35756308808661E+01
 276 0.85473447999470E+00 0.68077981827892E+00 -.36330766638470E+01
 277 0.87584642165057E+00 0.69533040065429E+00 -.36871185216349E+01
 278 0.89747982826534E+00 0.70957726384660E+00 -.37365732245500E+01
 279 0.91964758002349E+00 0.72342195080494E+00 -.37801660244278E+01
 280 0.94236287525008E+00 0.73675886355897E+00 -.38165553722663E+01
 281 0.96563923826875E+00 0.74947648523766E+00 -.38443660476092E+01
 282 0.98949052745399E+00 0.76145906593190E+00 -.38622316470142E+01
 283 0.10139309434821E+01 0.77258880048082E+00 -.38688471325201E+01
 284 0.10389750377861E+01 0.78274849900485E+00 -.38630317319831E+01
 285 0.10646377212194E+01 0.79182471353500E+00 -.38438018873059E+01
 286 0.10909342729335E+01 0.79971123628150E+00 -.38104531310988E+01
 287 0.11178803494750E+01 0.80631282807776E+00 -.37626486869452E+01
 288 0.11454919941070E+01 0.81154897213301E+00 -.37005111568935E+01
 289 0.11737856463615E+01 0.81535738328316E+00 -.36247117726409E+01
 290 0.12027781518266E+01 0.81769694364626E+00 -.35365491941364E+01
 291 0.12324867721767E+01 0.81854969173370E+00 -.34380065346414E+01
 292 0.12629291954495E+01 0.81792147620081E+00 -.33317708752035E+01
 293 0.12941235465771E+01 0.81584091338851E+00 -.32211935425912E+01
 294 0.13260883981776E+01 0.81235637991487E+00 -.31101611408876E+01
 295 0.13588427816125E+01 0.80753095506454E+00 -.30028356659945E+01
 296 0.13924061983184E+01 0.80143554119660E+00 -.29032055187671E+01
 297 0.14267986314168E+01 0.79414089059780E+00 -.28143661291148E+01
 298 0.14620405576128E+01 0.78571003772073E+00 -.27374175945954E+01
 299 0.14981529593859E+01 0.77619379560407E+00 -.26698262945556E+01
 300 0.15351573374827E+01 0.76563293223266E+00 -.26055002085338E+01
 301 0.15730757237185E+01 0.75406694630182E+00 -.25427178019488E+01
 302 0.16119306940944E+01 0.74153996703153E+00 -.24814435482383E+01
 303 0.16517453822385E+01 0.72809914789174E+00 -.24216421949197E+01
 304 0.16925434931798E+01 0.71379458388181E+00 -.23632791362199E+01
 305 0.17343493174613E+01 0.69867924061519E+00 -.23063204266575E+01
 306 0.17771877456026E+01 0.68280864855411E+00 -.22507327926193E+01
 307 0.18210842829190E+01 0.66624062863573E+00 -.21964836410914E+01
 308 0.18660650647071E+01 0.64903500069721E+00 -.21435410652286E+01
 309 0.19121568718054E+01 0.63125328129238E+00 -.20918738467665E+01
 310 0.19593871465390E+01 0.61295837241898E+00 -.20414514554827E+01
 311 0.20077840090585E+01 0.59421424218577E+00 -.19922440460132E+01
 312 0.20573762740822E+01 0.57508559962524E+00 -.19442224523801E+01
 313 0.21081934680520E+01 0.55563756269519E+00 -.18973581805913E+01
 314 0.21602658467129E+01 0.53593532313136E+00 -.18516233996613E+01
 315 0.22136244131267E+01 0.51604380828270E+00 -.18069909313694E+01
 316 0.22683009361310E+01 0.49602734184414E+00 -.17634342390397E+01
 317 0.23243279692534E+01 0.47594930542814E+00 -.17209274155882E+01
 318 0.23817388700940E+01 0.45587180329674E+00 -.16794451710475E+01
 319 0.24405678201853E+01 0.43585533300944E+00 -.16389628197426E+01
 320 0.25008498453439E+01 0.41595846519378E+00 -.15994562672641E+01
 321 0.25626208365239E+01 0.39623753606605E+00 -.15609019973545E+01
 322 0.26259175711860E+01 0.37674635666263E+00 -.15232770588019E+01
 323 0.26907777351943E+01 0.35753594293147E+00 -.14865590524144E+01
 324 0.27572399452536E+01 0.33865427083002E+00 -.14507261181318E+01
 325 0.28253437719014E+01 0.32014606034666E+00 -.14157569223181E+01
 326 0.28951297630673E+01 0.30205259189969E+00 -.13816306452654E+01
 327 0.29666394682151E+01 0.28441155788440E+00 -.13483269689325E+01
 328 0.30399154630800E+01 0.26725695127763E+00 -.13158260649326E+01
 329 0.31150013750181E+01 0.25061899222803E+00 -.12841085827791E+01
 330 0.31919419089810E+01 0.23452409253136E+00 -.12531556383948E+01
 331 0.32707828741328E+01 0.21899485688739E+00 -.12229488028846E+01
 332 0.33515712111239E+01 0.20405011892445E+00 -.11934700915720E+01
 333 0.34343550200387E+01 0.18970500921517E+00 -.11647019532943E+01
 334 0.35191835890336E+01 0.17597105192745E+00 -.11366272599549E+01
 335 0.36061074236828E+01 0.16285628637808E+00 -.11092292963251E+01
 336 0.36951782770477E+01 0.15036540958145E+00 -.10824917500920E+01
 337 0.37864491804908E+01 0.13849993589905E+00 -.10563987021459E+01
 338 0.38799744752489E+01 0.12725837007175E+00 -.10309346171019E+01
 339 0.39758098447876E+01 0.11663639022291E+00 -.10060843340501E+01
 340 0.40740123479538E+01 0.10662703782149E+00 -.98183305752874E+00
 341 0.41746404529483E+01 0.97220912054041E-01 -.95816634871529E+00
 342 0.42777540721361E+01 0.88406366537204E-01 -.93507011682951E+00
 343 0.43834145977179E+01 0.80169706777425E-01 -.91253061074410E+00
 344 0.44916849382815E+01 0.72495387222591E-01 -.89053441079738E+00
 345 0.46026295562571E+01 0.65366207127651E-01 -.86906842080353E+00
 346 0.47163145062966E+01 0.58763504753695E-01 -.84811986025522E+00
 347 0.48328074746021E+01 0.52667349624005E-01 -.82767625671437E+00
 348 0.49521778192248E+01 0.47056732664407E-01 -.80772543838623E+00
 349 0.50744966113597E+01 0.41909754059744E-01 -.78825552687248E+00
 350 0.51998366776603E+01 0.37203808571990E-01 -.76925493009904E+00
 351 0.53282726435985E+01 0.32915767904977E-01 -.75071233541431E+00
 352 0.54598809778953E+01 0.29022159488667E-01 -.73261670285382E+00
 353 0.55947400380494E+01 0.25499340819857E-01 -.71495725856722E+00
 354 0.57329301169892E+01 0.22323668264987E-01 -.69772348840365E+00
 355 0.58745334908788E+01 0.19471659032102E-01 -.68090513165186E+00
 356 0.60196344681035E+01 0.16920144876280E-01 -.66449217493106E+00
 357 0.61683194394657E+01 0.14646416033072E-01 -.64847484622921E+00
 358 0.63206769296205E+01 0.12628353886968E-01 -.63284360908482E+00
 359 0.64767976497821E+01 0.10844550978053E-01 -.61758915690916E+00
 360 0.66367745517317E+01 0.92744171239743E-02 -.60270240744527E+00
 361 0.68007028831595E+01 0.78982706743690E-02 -.58817449736047E+00
 362 0.69686802443735E+01 0.66974142052436E-02 -.57399677696933E+00
 363 0.71408066464096E+01 0.56541942833542E-02 -.56016080508376E+00
 364 0.73171845705759E+01 0.47520452669634E-02 -.54665834398727E+00
 365 0.74979190294691E+01 0.39755174419341E-02 -.53348135453037E+00
 366 0.76831176294970E+01 0.33102901055515E-02 -.52062199134417E+00
 367 0.78728906349456E+01 0.27431704920986E-02 -.50807259816939E+00
 368 0.80673510336287E+01 0.22620796745344E-02 -.49582570329793E+00
 369 0.82666146041593E+01 0.18560267692827E-02 -.48387401512436E+00
 370 0.84707999848821E+01 0.15150729128022E-02 -.47221041780458E+00
 371 0.86800287445087E+01 0.12302865686328E-02 -.46082796701921E+00
 372 0.88944254544980E+01 0.99369176365535E-03 -.44971988583898E+00
 373 0.91141177632241E+01 0.79821084588140E-03 -.43887956068994E+00
 374 0.93392364719758E+01 0.63760330814253E-03 -.42830053741577E+00
 375 0.95699156128336E+01 0.50640213848978E-03 -.41797651743512E+00
 376 0.98062925284705E+01 0.39984904548012E-03 -.40790135399153E+00
 377 0.10048507953924E+02 0.31382977158981E-03 -.39806904849373E+00
 378 0.10296706100386E+02 0.24481055749615E-03 -.38847374694421E+00
 379 0.10551034741065E+02 0.18977666035139E-03 -.37910973645380E+00
 380 0.10811645299170E+02 0.14617366638718E-03 -.36997144184034E+00
 381 0.11078692938059E+02 0.11185217753762E-03 -.36105342230930E+00
 382 0.11352336653629E+02 0.85016297803683E-04 -.35235036821440E+00
 383 0.11632739368974E+02 0.64176201529133E-04 -.34385709789636E+00
 384 0.11920068031387E+02 0.48104935498746E-04 -.33556855459779E+00
 385 0.12214493711763E+02 0.35799491844719E-04 -.32747980345252E+00
 386 0.12516191706443E+02 0.26446090395176E-04 -.31958602854739E+00
 387 0.12825341641592E+02 0.19389527821288E-04 -.31188253005504E+00
 388 0.13142127580140E+02 0.14106386583195E-04 -.30436472143558E+00
 389 0.13466738131369E+02 0.10181848530095E-04 -.29702812670594E+00
 390 0.13799366563214E+02 0.72898249173905E-05 -.28986837777490E+00
 391 0.14140210917325E+02 0.51760950653497E-05 -.28288121184239E+00
 392 0.14489474126983E+02 0.36441381702028E-05 -.27606246886151E+00
 393 0.14847364137920E+02 0.25433450330143E-05 -.26940808906169E+00
 394 0.15214094032126E+02 0.17593068017065E-05 -.26291411053156E+00
 395 0.15589882154720E+02 0.12058943801724E-05 -.25657666686011E+00
 396 0.15974952243941E+02 0.81886320932483E-06 -.25039198483470E+00
 397 0.16369533564367E+02 0.55074209347924E-06 -.24435638219449E+00
 398 0.16773861043407E+02 0.36679025340634E-06 -.23846626543817E+00
 399 0.17188175411179E+02 0.24183267315268E-06 -.23271812768436E+00
 400 0.17612723343835E+02 0.15780913331533E-06 -.22710854658375E+00
 401 0.18047757610428E+02 0.10189636979094E-06 -.22163418228140E+00
 402 0.18493537223405E+02 0.65085050042338E-07 -.21629177542832E+00
 403 0.18950327592823E+02 0.41113388637392E-07 -.21107814524087E+00
 404 0.19418400684366E+02 0.25677059124193E-07 -.20599018760697E+00
 405 0.19898035181270E+02 0.15850559274367E-07 -.20102487323800E+00
 406 0.20389516650247E+02 0.96684151299447E-08 -.19617924586513E+00
 407 0.20893137711508E+02 0.58256993536029E-08 -.19145042047929E+00
 408 0.21409198212983E+02 0.34664927911486E-08 -.18683558161344E+00
 409 0.21938005408843E+02 0.20363133169674E-08 -.18233198166628E+00
 410 0.22479874142442E+02 0.11805135758064E-08 -.17793693926640E+00
 411 0.23035127033760E+02 0.67519257346450E-09 -.17364783767581E+00
 412 0.23604094671494E+02 0.38086243497034E-09 -.16946212323198E+00
 413 0.24187115809880E+02 0.21180740942117E-09 -.16537730382744E+00
 414 0.24784537570384E+02 0.11608908267758E-09 -.16139094742602E+00
 415 0.25396715648372E+02 0.62684366462036E-10 -.15750068061483E+00
 416 0.26024014524887E+02 0.33333497549813E-10 -.15370418719121E+00
 417 0.26666807683652E+02 0.17449610132645E-10 -.14999920678365E+00
 418 0.27325477833438E+02 0.89887614218190E-11 -.14638353350605E+00
 419 0.28000417135924E+02 0.45541576750163E-11 -.14285501464434E+00
 420 0.28692027439181E+02 0.22683175481391E-11 -.13941154937478E+00
 421 0.29400720516929E+02 0.00000000000000E+00 -.13605108751320E+00
 422 0.30126918313697E+02 0.00000000000000E+00 -.13277162829433E+00
 423 0.30871053196045E+02 0.00000000000000E+00 -.12957121918057E+00
 424 0.31633568209988E+02 0.00000000000000E+00 -.12644795469950E+00
 425 0.32414917344774E+02 0.00000000000000E+00 -.12339997530935E+00
 426 0.33215565803190E+02 0.00000000000000E+00 -.12042546629194E+00
 427 0.34035990278529E+02 0.00000000000000E+00 -.11752265667214E+00
 428 0.34876679238409E+02 0.00000000000000E+00 -.11468981816350E+00
 429 0.35738133215598E+02 0.00000000000000E+00 -.11192526413926E+00
 430 0.36620865106023E+02 0.00000000000000E+00 -.10922734862815E+00
 431 0.37525400474142E+02 0.00000000000000E+00 -.10659446533439E+00
 432 0.38452277865853E+02 0.00000000000000E+00 -.10402504668136E+00
 433 0.39402049129139E+02 0.00000000000000E+00 -.10151756287827E+00
 434 0.40375279742629E+02 0.00000000000000E+00 -.99070521009336E-01
 435 0.41372549152272E+02 0.00000000000000E+00 -.96682464144955E-01
 436 0.42394451116333E+02 0.00000000000000E+00 -.94351970474242E-01
 437 0.43441594058907E+02 0.00000000000000E+00 -.92077652458516E-01
 438 0.44514601432162E+02 0.00000000000000E+00 -.89858156005188E-01
 439 0.45614112087536E+02 0.00000000000000E+00 -.87692159661548E-01
 440 0.46740780656098E+02 0.00000000000000E+00 -.85578373827996E-01
 441 0.47895277938304E+02 0.00000000000000E+00 -.83515539990238E-01
 442 0.49078291303380E+02 0.00000000000000E+00 -.81502429969979E-01
 443 0.50290525098573E+02 0.00000000000000E+00 -.79537845193695E-01
 444 0.51532701068508E+02 0.00000000000000E+00 -.77620615979013E-01
 445 0.52805558784900E+02 0.00000000000000E+00 -.75749600838307E-01
 446 0.54109856086887E+02 0.00000000000000E+00 -.73923685799070E-01
 447 0.55446369532233E+02 0.00000000000000E+00 -.72141783740675E-01
 448 0.56815894859680E+02 0.00000000000000E+00 -.70402833747121E-01
 449 0.58219247462714E+02 0.00000000000000E+00 -.68705800475379E-01
 450 0.59657262875043E+02 0.00000000000000E+00 -.67049673538967E-01
 451 0.61130797268056E+02 0.00000000000000E+00 -.65433466906379E-01
 452 0.62640727960577E+02 0.00000000000000E+00 -.63856218314023E-01
 453 0.64187953941203E+02 0.00000000000000E+00 -.62316988693299E-01
 454 0.65773396403551E+02 0.00000000000000E+00 -.60814861611495E-01
 455 0.67397999294719E+02 0.00000000000000E+00 -.59348942726159E-01
 456 0.69062729877298E+02 0.00000000000000E+00 -.57918359252619E-01
 457 0.70768579305268E+02 0.00000000000000E+00 -.56522259444344E-01
 458 0.72516563214108E+02 0.00000000000000E+00 -.55159812085824E-01
 459 0.74307722325496E+02 0.00000000000000E+00 -.53830205997681E-01
 460 0.76143123066936E+02 0.00000000000000E+00 -.52532649553705E-01
 461 0.78023858206689E+02 0.00000000000000E+00 -.51266370209529E-01
461  0.10247000000000E+01
   1 0.10416666666667E-02 0.25425370563177E-05 -.93253930361539E+01
   2 0.10673958333333E-02 0.26696895633325E-05 -.93254041265036E+01
   3 0.10937605104167E-02 0.28032009786668E-05 -.93254157469767E+01
   4 0.11207763950240E-02 0.29433893118980E-05 -.93254279246332E+01
   5 0.11484595719810E-02 0.30905884864526E-05 -.93254406878688E+01
   6 0.11768265234090E-02 0.32451490697145E-05 -.93254540664816E+01
   7 0.12058941385372E-02 0.34074392096179E-05 -.93254680917422E+01
   8 0.12356797237591E-02 0.35778454581431E-05 -.93254827964676E+01
   9 0.12662010129359E-02 0.37567736995556E-05 -.93254982150976E+01
  10 0.12974761779554E-02 0.39446501161063E-05 -.93255143837766E+01
  11 0.13295238395509E-02 0.41419222030927E-05 -.93255313404379E+01
  12 0.13623630783878E-02 0.43490598346884E-05 -.93255491248932E+01
  13 0.13960134464240E-02 0.45665563830720E-05 -.93255677789260E+01
  14 0.14304949785507E-02 0.47949298935195E-05 -.93255873463895E+01
  15 0.14658282045209E-02 0.50347243182572E-05 -.93256078733099E+01
  16 0.15020341611725E-02 0.52865108120162E-05 -.93256294079940E+01
  17 0.15391344049535E-02 0.55508890923705E-05 -.93256520011428E+01
  18 0.15771510247559E-02 0.58284888681008E-05 -.93256757059701E+01
  19 0.16161066550673E-02 0.61199713389832E-05 -.93257005783272E+01
  20 0.16560244894475E-02 0.64260307705746E-05 -.93257266768336E+01
  21 0.16969282943368E-02 0.67473961477460E-05 -.93257540630143E+01
  22 0.17388424232070E-02 0.70848329108988E-05 -.93257828014434E+01
  23 0.17817918310602E-02 0.74391447789996E-05 -.93258129598950E+01
  24 0.18258020892874E-02 0.78111756637741E-05 -.93258446095014E+01
  25 0.18708994008928E-02 0.82018116796172E-05 -.93258778249191E+01
  26 0.19171106160948E-02 0.86119832540057E-05 -.93259126845024E+01
  27 0.19644632483123E-02 0.90426673434374E-05 -.93259492704860E+01
  28 0.20129854905457E-02 0.94948897601729E-05 -.93259876691762E+01
  29 0.20627062321621E-02 0.99697276153202E-05 -.93260279711514E+01
  30 0.21136550760965E-02 0.10468311884077E-04 -.93260702714717E+01
  31 0.21658623564761E-02 0.10991830099241E-04 -.93261146699000E+01
  32 0.22193591566811E-02 0.11541529179393E-04 -.93261612711320E+01
  33 0.22741773278511E-02 0.12118718398498E-04 -.93262101850386E+01
  34 0.23303495078490E-02 0.12724772503981E-04 -.93262615269192E+01
  35 0.23879091406929E-02 0.13361134990706E-04 -.93263154177675E+01
  36 0.24468904964680E-02 0.14029321538654E-04 -.93263719845494E+01
  37 0.25073286917308E-02 0.14730923622474E-04 -.93264313604948E+01
  38 0.25692597104165E-02 0.15467612301509E-04 -.93264936854028E+01
  39 0.26327204252638E-02 0.16241142199310E-04 -.93265591059617E+01
  40 0.26977486197678E-02 0.17053355682112E-04 -.93266277760835E+01
  41 0.27643830106761E-02 0.17906187246219E-04 -.93266998572546E+01
  42 0.28326632710398E-02 0.18801668124736E-04 -.93267755189028E+01
  43 0.29026300538345E-02 0.19741931124612E-04 -.93268549387819E+01
  44 0.29743250161642E-02 0.20729215705506E-04 -.93269383033729E+01
  45 0.30477908440635E-02 0.21765873312556E-04 -.93270258083054E+01
  46 0.31230712779118E-02 0.22854372975748E-04 -.93271176587973E+01
  47 0.32002111384762E-02 0.23997307189207E-04 -.93272140701152E+01
  48 0.32792563535966E-02 0.25197398084383E-04 -.93273152680558E+01
  49 0.33602539855304E-02 0.26457503911843E-04 -.93274214894490E+01
  50 0.34432522589730E-02 0.27780625847066E-04 -.93275329826843E+01
  51 0.35283005897697E-02 0.29169915136443E-04 -.93276500082601E+01
  52 0.36154496143370E-02 0.30628680600478E-04 -.93277728393583E+01
  53 0.37047512198111E-02 0.32160396512029E-04 -.93279017624442E+01
  54 0.37962585749404E-02 0.33768710868334E-04 -.93280370778928E+01
  55 0.38900261617415E-02 0.35457454076490E-04 -.93281791006429E+01
  56 0.39861098079365E-02 0.37230648073032E-04 -.93283281608791E+01
  57 0.40845667201925E-02 0.39092515899311E-04 -.93284846047439E+01
  58 0.41854555181813E-02 0.41047491755418E-04 -.93286487950800E+01
  59 0.42888362694803E-02 0.43100231556565E-04 -.93288211122042E+01
  60 0.43947705253365E-02 0.45255624017015E-04 -.93290019547134E+01
  61 0.45033213573123E-02 0.47518802287906E-04 -.93291917403247E+01
  62 0.46145533948379E-02 0.49895156176616E-04 -.93293909067497E+01
  63 0.47285328636904E-02 0.52390344976724E-04 -.93295999126044E+01
  64 0.48453276254236E-02 0.55010310939028E-04 -.93298192383557E+01
  65 0.49650072177716E-02 0.57761293415647E-04 -.93300493873048E+01
  66 0.50876428960505E-02 0.60649843710783E-04 -.93302908866092E+01
  67 0.52133076755830E-02 0.63682840673422E-04 -.93305442883443E+01
  68 0.53420763751699E-02 0.66867507069009E-04 -.93308101706040E+01
  69 0.54740256616366E-02 0.70211426768958E-04 -.93310891386425E+01
  70 0.56092340954790E-02 0.73722562798809E-04 -.93313818260572E+01
  71 0.57477821776373E-02 0.77409276287865E-04 -.93316888960129E+01
  72 0.58897523974249E-02 0.81280346365292E-04 -.93320110425091E+01
  73 0.60352292816413E-02 0.85344991049869E-04 -.93323489916886E+01
  74 0.61842994448979E-02 0.89612889182966E-04 -.93327035031890E+01
  75 0.63370516411869E-02 0.94094203456751E-04 -.93330753715367E+01
  76 0.64935768167242E-02 0.98799604592237E-04 -.93334654275824E+01
  77 0.66539681640973E-02 0.10374029672450E-03 -.93338745399788E+01
  78 0.68183211777505E-02 0.10892804405520E-03 -.93343036166981E+01
  79 0.69867337108409E-02 0.11437519883562E-03 -.93347536065896E+01
  80 0.71593060334987E-02 0.12009473074646E-03 -.93352255009752E+01
  81 0.73361408925261E-02 0.12610025774395E-03 -.93357203352804E+01
  82 0.75173435725715E-02 0.13240607844541E-03 -.93362391907000E+01
  83 0.77030219588140E-02 0.13902720613077E-03 -.93367831958945E+01
  84 0.78932866011967E-02 0.14597940444068E-03 -.93373535287135E+01
  85 0.80882507802463E-02 0.15327922485544E-03 -.93379514179443E+01
  86 0.82880305745183E-02 0.16094404604355E-03 -.93385781450779E+01
  87 0.84927449297089E-02 0.16899211517276E-03 -.93392350460905E+01
  88 0.87025157294728E-02 0.17744259128136E-03 -.93399235132319E+01
  89 0.89174678679907E-02 0.18631559081196E-03 -.93406449968144E+01
  90 0.91377293243301E-02 0.19563223541545E-03 -.93414010069953E+01
  91 0.93634312386411E-02 0.20541470213780E-03 -.93421931155431E+01
  92 0.95947079902355E-02 0.21568627610815E-03 -.93430229575763E+01
  93 0.98316972775943E-02 0.22647140585232E-03 -.93438922332660E+01
  94 0.10074540200351E-01 0.23779576136225E-03 -.93448027094869E+01
  95 0.10323381343300E-01 0.24968629505780E-03 -.93457562214038E+01
  96 0.10578368862479E-01 0.26217130578477E-03 -.93467546739777E+01
  97 0.10839654573382E-01 0.27528050599933E-03 -.93478000433733E+01
  98 0.11107394041345E-01 0.28904509229703E-03 -.93488943782493E+01
  99 0.11381746674166E-01 0.30349781945197E-03 -.93500398009097E+01
 100 0.11662875817018E-01 0.31867307813986E-03 -.93512385082918E+01
 101 0.11950948849698E-01 0.33460697652747E-03 -.93524927727669E+01
 102 0.12246137286286E-01 0.35133742591954E-03 -.93538049427233E+01
 103 0.12548616877257E-01 0.36890423066380E-03 -.93551774429028E+01
 104 0.12858567714125E-01 0.38734918252448E-03 -.93566127744556E+01
 105 0.13176174336664E-01 0.40671615974495E-03 -.93581135146784E+01
 106 0.13501625842780E-01 0.42705123103079E-03 -.93596823163952E+01
 107 0.13835116001096E-01 0.44840276469607E-03 -.93613219069399E+01
 108 0.14176843366324E-01 0.47082154322706E-03 -.93630350866938E+01
 109 0.14527011397472E-01 0.49436088353027E-03 -.93648247271290E+01
 110 0.14885828578989E-01 0.51907676314439E-03 -.93666937683069E+01
 111 0.15253508544890E-01 0.54502795270932E-03 -.93686452157738E+01
 112 0.15630270205949E-01 0.57227615499955E-03 -.93706821367968E+01
 113 0.16016337880036E-01 0.60088615084412E-03 -.93728076558748E+01
 114 0.16411941425673E-01 0.63092595227052E-03 -.93750249494615E+01
 115 0.16817316378887E-01 0.66246696322650E-03 -.93773372398290E+01
 116 0.17232704093446E-01 0.69558414825039E-03 -.93797477880006E+01
 117 0.17658351884554E-01 0.73035620947814E-03 -.93822598856787E+01
 118 0.18094513176102E-01 0.76686577239428E-03 -.93848768460891E+01
 119 0.18541447651552E-01 0.80519958075263E-03 -.93876019936639E+01
 120 0.18999421408545E-01 0.84544870111326E-03 -.93904386524810E+01
 121 0.19468707117336E-01 0.88770873746319E-03 -.93933901333804E+01
 122 0.19949584183135E-01 0.93208005641004E-03 -.93964597196741E+01
 123 0.20442338912458E-01 0.97866802346116E-03 -.93996506513722E+01
 124 0.20947264683596E-01 0.10275832509245E-02 -.94029661078439E+01
 125 0.21464662121280E-01 0.10789418579926E-02 -.94064091888415E+01
 126 0.21994839275676E-01 0.11328657435966E-02 -.94099828938163E+01
 127 0.22538111805785E-01 0.11894828726453E-02 -.94136900994638E+01
 128 0.23094803167388E-01 0.12489275762919E-02 -.94175335354426E+01
 129 0.23665244805623E-01 0.13113408668994E-02 -.94215157582237E+01
 130 0.24249776352322E-01 0.13768707684097E-02 -.94256391230381E+01
 131 0.24848745828224E-01 0.14456726628480E-02 -.94299057539054E+01
 132 0.25462509850181E-01 0.15179096537328E-02 -.94343175117453E+01
 133 0.26091433843480E-01 0.15937529471918E-02 -.94388759605936E+01
 134 0.26735892259414E-01 0.16733822516220E-02 -.94435823319673E+01
 135 0.27396268798222E-01 0.17569861967684E-02 -.94484374874509E+01
 136 0.28072956637538E-01 0.18447627731347E-02 -.94534418796052E+01
 137 0.28766358666485E-01 0.19369197926785E-02 -.94585955113335E+01
 138 0.29476887725547E-01 0.20336753717845E-02 -.94638978938738E+01
 139 0.30204966852368E-01 0.21352584375529E-02 -.94693480036293E+01
 140 0.30951029533622E-01 0.22419092584823E-02 -.94749442380867E+01
 141 0.31715519963102E-01 0.23538800006736E-02 -.94806843711194E+01
 142 0.32498893306191E-01 0.24714353107256E-02 -.94865655080183E+01
 143 0.33301615970854E-01 0.25948529265443E-02 -.94925840406434E+01
 144 0.34124165885334E-01 0.27244243173341E-02 -.94987356031353E+01
 145 0.34967032782702E-01 0.28604553540907E-02 -.95050150286806E+01
 146 0.35830718492435E-01 0.30032670119696E-02 -.95114163078704E+01
 147 0.36715737239198E-01 0.31531961059521E-02 -.95179325492426E+01
 148 0.37622615949006E-01 0.33105960612902E-02 -.95245559426401E+01
 149 0.38551894562946E-01 0.34758377202634E-02 -.95312777260628E+01
 150 0.39504126358651E-01 0.36493101868367E-02 -.95380881567220E+01
 151 0.40479878279710E-01 0.38314217108662E-02 -.95449764870385E+01
 152 0.41479731273219E-01 0.40226006135562E-02 -.95519309463444E+01
 153 0.42504280635667E-01 0.42232962559267E-02 -.95589387290582E+01
 154 0.43554136367368E-01 0.44339800521111E-02 -.95659859901019E+01
 155 0.44629923535642E-01 0.46551465293566E-02 -.95730578483155E+01
 156 0.45732282646972E-01 0.48873144366601E-02 -.95801383985922E+01
 157 0.46861870028353E-01 0.51310279040264E-02 -.95872107334142E+01
 158 0.48019358218053E-01 0.53868576543892E-02 -.95942569744082E+01
 159 0.49205436366039E-01 0.56554022702880E-02 -.96012583144567E+01
 160 0.50420810644280E-01 0.59372895174456E-02 -.96081950708057E+01
 161 0.51666204667194E-01 0.62331777274358E-02 -.96150467494943E+01
 162 0.52942359922473E-01 0.65437572416745E-02 -.96217921212949E+01
 163 0.54250036212558E-01 0.68697519190082E-02 -.96284093092061E+01
 164 0.55590012107009E-01 0.72119207092040E-02 -.96348758873705E+01
 165 0.56963085406052E-01 0.75710592946757E-02 -.96411689911124E+01
 166 0.58370073615581E-01 0.79480018027983E-02 -.96472654375990E+01
 167 0.59811814433886E-01 0.83436225911742E-02 -.96531418564265E+01
 168 0.61289166250403E-01 0.87588381082154E-02 -.96587748292304E+01
 169 0.62803008656788E-01 0.91946088313964E-02 -.96641410372092E+01
 170 0.64354242970611E-01 0.96519412855068E-02 -.96692174152480E+01
 171 0.65943792771985E-01 0.10131890143193E-01 -.96739813111273E+01
 172 0.67572604453453E-01 0.10635560410025E-01 -.96784106481143E+01
 173 0.69241647783453E-01 0.11164109696241E-01 -.96824840890612E+01
 174 0.70951916483704E-01 0.11718750577230E-01 -.96861811999781E+01
 175 0.72704428820852E-01 0.12300753044692E-01 -.96894826109177E+01
 176 0.74500228212727E-01 0.12911447050241E-01 -.96923701719034E+01
 177 0.76340383849581E-01 0.13552225143068E-01 -.96948271015603E+01
 178 0.78225991330666E-01 0.14224545203018E-01 -.96968381260682E+01
 179 0.80158173316533E-01 0.14929933270219E-01 -.96983896060551E+01
 180 0.82138080197452E-01 0.15669986472051E-01 -.96994696490885E+01
 181 0.84166890778329E-01 0.16446376047920E-01 -.97000682055031E+01
 182 0.86245812980554E-01 0.17260850471875E-01 -.97001771454295E+01
 183 0.88376084561173E-01 0.18115238672635E-01 -.96997903150579E+01
 184 0.90558973849834E-01 0.19011453350052E-01 -.96989035703890E+01
 185 0.92795780503925E-01 0.19951494386404E-01 -.96975147869831E+01
 186 0.95087836282372E-01 0.20937452350226E-01 -.96956238445232E+01
 187 0.97436505838547E-01 0.21971512089576E-01 -.96932325853538E+01
 188 0.99843187532759E-01 0.23055956410726E-01 -.96903447465358E+01
 189 0.10230931426482E+00 0.24193169837261E-01 -.96869658653732E+01
 190 0.10483635432716E+00 0.25385642443420E-01 -.96831031588026E+01
 191 0.10742581227904E+00 0.26635973754223E-01 -.96787653774920E+01
 192 0.11007922984233E+00 0.27946876703512E-01 -.96739626359546E+01
 193 0.11279818681944E+00 0.29321181639399E-01 -.96687062204428E+01
 194 0.11558430203388E+00 0.30761840364861E-01 -.96630083768272E+01
 195 0.11843923429411E+00 0.32271930199215E-01 -.96568820810822E+01
 196 0.12136468338118E+00 0.33854658043989E-01 -.96503407953718E+01
 197 0.12436239106069E+00 0.35513364434292E-01 -.96433982130536E+01
 198 0.12743414211989E+00 0.37251527554037E-01 -.96360679961764E+01
 199 0.13058176543025E+00 0.39072767190412E-01 -.96283635092341E+01
 200 0.13380713503638E+00 0.40980848599688E-01 -.96202975530464E+01
 201 0.13711217127178E+00 0.42979686252809E-01 -.96118821026547E+01
 202 0.14049884190219E+00 0.45073347425242E-01 -.96031280530637E+01
 203 0.14396916329718E+00 0.47266055591178E-01 -.95940449765027E+01
 204 0.14752520163062E+00 0.49562193577391E-01 -.95846408946578E+01
 205 0.15116907411089E+00 0.51966306426813E-01 -.95749220690186E+01
 206 0.15490295024143E+00 0.54483103916205E-01 -.95648928121217E+01
 207 0.15872905311240E+00 0.57117462666066E-01 -.95545553220558E+01
 208 0.16264966072427E+00 0.59874427774178E-01 -.95439095421369E+01
 209 0.16666710734416E+00 0.62759213896902E-01 -.95329530471856E+01
 210 0.17078378489556E+00 0.65777205694405E-01 -.95216809573422E+01
 211 0.17500214438248E+00 0.68933957547521E-01 -.95100858798579E+01
 212 0.17932469734873E+00 0.72235192444788E-01 -.94981578788114E+01
 213 0.18375401737324E+00 0.75686799928403E-01 -.94858844722137E+01
 214 0.18829274160236E+00 0.79294832977403E-01 -.94732506554962E+01
 215 0.19294357231994E+00 0.83065503695236E-01 -.94602389499127E+01
 216 0.19770927855624E+00 0.87005177657171E-01 -.94468294739306E+01
 217 0.20259269773658E+00 0.91120366760558E-01 -.94330000352285E+01
 218 0.20759673737068E+00 0.95417720408022E-01 -.94187262404460E+01
 219 0.21272437678373E+00 0.99904014840169E-01 -.94039816193454E+01
 220 0.21797866889029E+00 0.10458614042046E+00 -.93887377595288E+01
 221 0.22336274201188E+00 0.10947108666068E+00 -.93729644473085E+01
 222 0.22887980173958E+00 0.11456592476097E+00 -.93566298097508E+01
 223 0.23453313284254E+00 0.11987778742410E+00 -.93397004523096E+01
 224 0.24032610122375E+00 0.12541384568948E+00 -.93221415858454E+01
 225 0.24626215592398E+00 0.13118128251886E+00 -.93039171362102E+01
 226 0.25234483117530E+00 0.13718726285307E+00 -.92849898289862E+01
 227 0.25857774850533E+00 0.14343889984810E+00 -.92653212414307E+01
 228 0.26496461889341E+00 0.14994321698909E+00 -.92448718132259E+01
 229 0.27150924498008E+00 0.15670710577453E+00 -.92236008072847E+01
 230 0.27821552333109E+00 0.16373727865911E+00 -.92014662116486E+01
 231 0.28508744675737E+00 0.17104021694454E+00 -.91784245734216E+01
 232 0.29212910669227E+00 0.17862211331318E+00 -.91544307557114E+01
 233 0.29934469562757E+00 0.18648880871180E+00 -.91294376086501E+01
 234 0.30673850960957E+00 0.19464572331211E+00 -.91033955456826E+01
 235 0.31431495079693E+00 0.20309778130357E+00 -.90762520163560E+01
 236 0.32207853008161E+00 0.21184932931358E+00 -.90479508667339E+01
 237 0.33003386977463E+00 0.22090404830191E+00 -.90184315782115E+01
 238 0.33818570635806E+00 0.23026485884283E+00 -.89876283748982E+01
 239 0.34653889330511E+00 0.23993381979157E+00 -.89554691889259E+01
 240 0.35509840396974E+00 0.24991202043373E+00 -.89218744722372E+01
 241 0.36386933454780E+00 0.26019946633940E+00 -.88867558430600E+01
 242 0.37285690711113E+00 0.27079495929089E+00 -.88500145560868E+01
 243 0.38206647271677E+00 0.28169597182551E+00 -.88115397884535E+01
 244 0.39150351459288E+00 0.29289851713580E+00 -.87712067404129E+01
 245 0.40117365140332E+00 0.30439701530034E+00 -.87288745619892E+01
 246 0.41108264059298E+00 0.31618415708041E+00 -.86843841369619E+01
 247 0.42123638181563E+00 0.32825076681176E+00 -.86375557853174E+01
 248 0.43164092044648E+00 0.34058566624676E+00 -.85881869863236E+01
 249 0.44230245118150E+00 0.35317554155803E+00 -.85360502767907E+01
 250 0.45322732172569E+00 0.36600481609881E+00 -.84808915407433E+01
 251 0.46442203657231E+00 0.37905553192042E+00 -.84224289720059E+01
 252 0.47589326087565E+00 0.39230724346873E+00 -.83603530500757E+01
 253 0.48764782441928E+00 0.40573692730694E+00 -.82943279074129E+01
 254 0.49969272568243E+00 0.41931891212977E+00 -.82239944646061E+01
 255 0.51203513600679E+00 0.43302483372610E+00 -.81489756499484E+01
 256 0.52468240386616E+00 0.44682361989313E+00 -.80688838877273E+01
 257 0.53764205924165E+00 0.46068151057996E+00 -.79833308326719E+01
 258 0.55092181810492E+00 0.47456211871244E+00 -.78919390626387E+01
 259 0.56452958701211E+00 0.48842653719152E+00 -.77943551558077E+01
 260 0.57847346781131E+00 0.50223349742698E+00 -.76902633293775E+01
 261 0.59276176246625E+00 0.51593958442723E+00 -.75793986683774E+01
 262 0.60740297799916E+00 0.52949951287450E+00 -.74615589790616E+01
 263 0.62240583155574E+00 0.54286646773126E+00 -.73366144835198E+01
 264 0.63777925559517E+00 0.55599251171203E+00 -.72045149080041E+01
 265 0.65353240320837E+00 0.56882906038354E+00 -.70652939401642E+01
 266 0.66967465356762E+00 0.58132742370420E+00 -.69190714453281E+01
 267 0.68621561751074E+00 0.59343941047225E+00 -.67660541446534E+01
 268 0.70316514326325E+00 0.60511798943254E+00 -.66065356020967E+01
 269 0.72053332230186E+00 0.61631799772447E+00 -.64408963222780E+01
 270 0.73833049536271E+00 0.62699688399732E+00 -.62696045539100E+01
 271 0.75656725859817E+00 0.63711546995844E+00 -.60932180828207E+01
 272 0.77525446988555E+00 0.64663871047182E+00 -.59123869551859E+01
 273 0.79440325529172E+00 0.65553642873367E+00 -.57278567566753E+01
 274 0.81402501569742E+00 0.66378399969268E+00 -.55404718262468E+01
 275 0.83413143358515E+00 0.67136295195218E+00 -.53511776186082E+01
 276 0.85473447999470E+00 0.67826145610579E+00 -.51610213403241E+01
 277 0.87584642165057E+00 0.68447466604581E+00 -.49711499513786E+01
 278 0.89747982826534E+00 0.69000487947927E+00 -.47828046218090E+01
 279 0.91964758002349E+00 0.69486148493201E+00 -.45973107382230E+01
 280 0.94236287525008E+00 0.69906066516347E+00 -.44160625499115E+01
 281 0.96563923826875E+00 0.70262483142406E+00 -.42405015204807E+01
 282 0.98949052745399E+00 0.70558176967288E+00 -.40720874122952E+01
 283 0.10139309434821E+01 0.70796348912034E+00 -.39122610967403E+01
 284 0.10389750377861E+01 0.70980477576552E+00 -.37623980909436E+01
 285 0.10646377212194E+01 0.71114146960761E+00 -.36237519299371E+01
 286 0.10909342729335E+01 0.71200850473116E+00 -.34973867754569E+01
 287 0.11178803494750E+01 0.71243777741302E+00 -.33840992515963E+01
 288 0.11454919941070E+01 0.71245593964359E+00 -.32843305368567E+01
 289 0.11737856463615E+01 0.71208225444643E+00 -.31980714446198E+01
 290 0.12027781518266E+01 0.71132669449226E+00 -.31247658873297E+01
 291 0.12324867721767E+01 0.71018851392045E+00 -.30632221504820E+01
 292 0.12629291954495E+01 0.70865556833390E+00 -.30115473263725E+01
 293 0.12941235465771E+01 0.70670468676070E+00 -.29671287003891E+01
 294 0.13260883981776E+01 0.70430338991937E+00 -.29266975240659E+01
 295 0.13588427816125E+01 0.70141316656919E+00 -.28865261355092E+01
 296 0.13924061983184E+01 0.69799431262984E+00 -.28428295162602E+01
 297 0.14267986314168E+01 0.69401193397702E+00 -.27924680647185E+01
 298 0.14620405576128E+01 0.68944201578354E+00 -.27340813548074E+01
 299 0.14981529593859E+01 0.68427533854955E+00 -.26698262945556E+01
 300 0.15351573374827E+01 0.67851595520056E+00 -.26055002085338E+01
 301 0.15730757237185E+01 0.67217387466921E+00 -.25427178019488E+01
 302 0.16119306940944E+01 0.66525984826506E+00 -.24814435482383E+01
 303 0.16517453822385E+01 0.65778648665193E+00 -.24216421949197E+01
 304 0.16925434931798E+01 0.64976810779539E+00 -.23632791362199E+01
 305 0.17343493174613E+01 0.64122053385171E+00 -.23063204266575E+01
 306 0.17771877456026E+01 0.63216107460365E+00 -.22507327926193E+01
 307 0.18210842829190E+01 0.62260846860401E+00 -.21964836410914E+01
 308 0.18660650647071E+01 0.61258282484622E+00 -.21435410652286E+01
 309 0.19121568718054E+01 0.60210556039660E+00 -.20918738467665E+01
 310 0.19593871465390E+01 0.59119933349058E+00 -.20414514554827E+01
 311 0.20077840090585E+01 0.57988797165753E+00 -.19922440460132E+01
 312 0.20573762740822E+01 0.56819639424878E+00 -.19442224523801E+01
 313 0.21081934680520E+01 0.55615052863425E+00 -.18973581805913E+01
 314 0.21602658467129E+01 0.54377721926968E+00 -.18516233996613E+01
 315 0.22136244131267E+01 0.53110412845944E+00 -.18069909313694E+01
 316 0.22683009361310E+01 0.51815963007612E+00 -.17634342390397E+01
 317 0.23243279692534E+01 0.50497269190951E+00 -.17209274155882E+01
 318 0.23817388700940E+01 0.49157275030534E+00 -.16794451710475E+01
 319 0.24405678201853E+01 0.47798957555468E+00 -.16389628197426E+01
 320 0.25008498453439E+01 0.46425312925606E+00 -.15994562672641E+01
 321 0.25626208365239E+01 0.45039341511991E+00 -.15609019973545E+01
 322 0.26259175711860E+01 0.43644032530510E+00 -.15232770588019E+01
 323 0.26907777351943E+01 0.42242348495241E+00 -.14865590524144E+01
 324 0.27572399452536E+01 0.40837209804525E+00 -.14507261181318E+01
 325 0.28253437719014E+01 0.39431479802941E+00 -.14157569223181E+01
 326 0.28951297630673E+01 0.38027950671632E+00 -.13816306452654E+01
 327 0.29666394682151E+01 0.36629330485760E+00 -.13483269689325E+01
 328 0.30399154630800E+01 0.35238231741174E+00 -.13158260649326E+01
 329 0.31150013750181E+01 0.33857161595313E+00 -.12841085827791E+01
 330 0.31919419089810E+01 0.32488513994199E+00 -.12531556383948E+01
 331 0.32707828741328E+01 0.31134563773881E+00 -.12229488028846E+01
 332 0.33515712111239E+01 0.29797462737195E+00 -.11934700915720E+01
 333 0.34343550200387E+01 0.28479237621276E+00 -.11647019532943E+01
 334 0.35191835890336E+01 0.27181789793347E+00 -.11366272599549E+01
 335 0.36061074236828E+01 0.25906896446164E+00 -.11092292963251E+01
 336 0.36951782770477E+01 0.24656213013155E+00 -.10824917500920E+01
 337 0.37864491804908E+01 0.23431276488440E+00 -.10563987021459E+01
 338 0.38799744752489E+01 0.22233509319296E+00 -.10309346171019E+01
 339 0.39758098447876E+01 0.21064223537946E+00 -.10060843340501E+01
 340 0.40740123479538E+01 0.19924624815025E+00 -.98183305752874E+00
 341 0.41746404529483E+01 0.18815816147321E+00 -.95816634871529E+00
 342 0.42777540721361E+01 0.17738800935768E+00 -.93507011682951E+00
 343 0.43834145977179E+01 0.16694485264144E+00 -.91253061074410E+00
 344 0.44916849382815E+01 0.15683679252091E+00 -.89053441079738E+00
 345 0.46026295562571E+01 0.14707097425089E+00 -.86906842080353E+00
 346 0.47163145062966E+01 0.13765358115555E+00 -.84811986025522E+00
 347 0.48328074746021E+01 0.12858981979557E+00 -.82767625671437E+00
 348 0.49521778192248E+01 0.11988389778719E+00 -.80772543838623E+00
 349 0.50744966113597E+01 0.11153899632785E+00 -.78825552687248E+00
 350 0.51998366776603E+01 0.10355723991329E+00 -.76925493009904E+00
 351 0.53282726435985E+01 0.95939666005596E-01 -.75071233541431E+00
 352 0.54598809778953E+01 0.88686197512827E-01 -.73261670285382E+00
 353 0.55947400380494E+01 0.81795620866424E-01 -.71495725856722E+00
 354 0.57329301169892E+01 0.75265572243337E-01 -.69772348840365E+00
 355 0.58745334908788E+01 0.69092534099533E-01 -.68090513165186E+00
 356 0.60196344681035E+01 0.63271843693966E-01 -.66449217493106E+00
 357 0.61683194394657E+01 0.57797714726181E-01 -.64847484622921E+00
 358 0.63206769296205E+01 0.52663272627009E-01 -.63284360908482E+00
 359 0.64767976497821E+01 0.47860603468052E-01 -.61758915690916E+00
 360 0.66367745517317E+01 0.43380815924102E-01 -.60270240744527E+00
 361 0.68007028831595E+01 0.39214115257748E-01 -.58817449736047E+00
 362 0.69686802443735E+01 0.35349887913727E-01 -.57399677696933E+00
 363 0.71408066464096E+01 0.31776795020339E-01 -.56016080508376E+00
 364 0.73171845705759E+01 0.28482872897975E-01 -.54665834398727E+00
 365 0.74979190294691E+01 0.25455638566339E-01 -.53348135453037E+00
 366 0.76831176294970E+01 0.22682198214099E-01 -.52062199134417E+00
 367 0.78728906349456E+01 0.20149356636836E-01 -.50807259816939E+00
 368 0.80673510336287E+01 0.17843725749253E-01 -.49582570329793E+00
 369 0.82666146041593E+01 0.15751830423493E-01 -.48387401512436E+00
 370 0.84707999848821E+01 0.13860210085365E-01 -.47221041780458E+00
 371 0.86800287445087E+01 0.12155514703519E-01 -.46082796701921E+00
 372 0.88944254544980E+01 0.10624594023724E-01 -.44971988583898E+00
 373 0.91141177632241E+01 0.92545791230816E-02 -.43887956068994E+00
 374 0.93392364719758E+01 0.80329555806752E-02 -.42830053741577E+00
 375 0.95699156128336E+01 0.69476277760114E-02 -.41797651743512E+00
 376 0.98062925284705E+01 0.59869740305091E-02 -.40790135399153E+00
 377 0.10048507953924E+02 0.51398924966862E-02 -.39806904849373E+00
 378 0.10296706100386E+02 0.43958378721934E-02 -.38847374694421E+00
 379 0.10551034741065E+02 0.37448491696556E-02 -.37910973645380E+00
 380 0.10811645299170E+02 0.31775689073409E-02 -.36997144184034E+00
 381 0.11078692938059E+02 0.26852541994200E-02 -.36105342230930E+00
 382 0.11352336653629E+02 0.22597803179392E-02 -.35235036821440E+00
 383 0.11632739368974E+02 0.18936373719248E-02 -.34385709789636E+00
 384 0.11920068031387E+02 0.15799208029233E-02 -.33556855459779E+00
 385 0.12214493711763E+02 0.13123164317198E-02 -.32747980345252E+00
 386 0.12516191706443E+02 0.10850808091478E-02 -.31958602854739E+00
 387 0.12825341641592E+02 0.89301762620552E-03 -.31188253005504E+00
 388 0.13142127580140E+02 0.73145092667159E-03 -.30436472143558E+00
 389 0.13466738131369E+02 0.59619584074218E-03 -.29702812670594E+00
 390 0.13799366563214E+02 0.48352752263382E-03 -.28986837777490E+00
 391 0.14140210917325E+02 0.39014893042138E-03 -.28288121184239E+00
 392 0.14489474126983E+02 0.31315803440732E-03 -.27606246886151E+00
 393 0.14847364137920E+02 0.25001498283943E-03 -.26940808906169E+00
 394 0.15214094032126E+02 0.19850969254021E-03 -.26291411053156E+00
 395 0.15589882154720E+02 0.15673026863346E-03 -.25657666686011E+00
 396 0.15974952243941E+02 0.12303259359417E-03 -.25039198483470E+00
 397 0.16369533564367E+02 0.96011362716579E-04 -.24435638219449E+00
 398 0.16773861043407E+02 0.74472782049426E-04 -.23846626543817E+00
 399 0.17188175411179E+02 0.57409086978593E-04 -.23271812768436E+00
 400 0.17612723343835E+02 0.43974985855792E-04 -.22710854658375E+00
 401 0.18047757610428E+02 0.33466084102872E-04 -.22163418228140E+00
 402 0.18493537223405E+02 0.25299300601178E-04 -.21629177542832E+00
 403 0.18950327592823E+02 0.18995250250808E-04 -.21107814524087E+00
 404 0.19418400684366E+02 0.14162534540856E-04 -.20599018760697E+00
 405 0.19898035181270E+02 0.10483855734090E-04 -.20102487323800E+00
 406 0.20389516650247E+02 0.77038500643119E-05 -.19617924586513E+00
 407 0.20893137711508E+02 0.56185188969179E-05 -.19145042047929E+00
 408 0.21409198212983E+02 0.40661343839711E-05 -.18683558161344E+00
 409 0.21938005408843E+02 0.29194590421343E-05 -.18233198166628E+00
 410 0.22479874142442E+02 0.20792115672905E-05 -.17793693926640E+00
 411 0.23035127033760E+02 0.14685375923576E-05 -.17364783767581E+00
 412 0.23604094671494E+02 0.10284241968014E-05 -.16946212323198E+00
 413 0.24187115809880E+02 0.71395024519707E-06 -.16537730382744E+00
 414 0.24784537570384E+02 0.49122148523348E-06 -.16139094742602E+00
 415 0.25396715648372E+02 0.33489097095231E-06 -.15750068061483E+00
 416 0.26024014524887E+02 0.22617609200701E-06 -.15370418719121E+00
 417 0.26666807683652E+02 0.15128821887515E-06 -.14999920678365E+00
 418 0.27325477833438E+02 0.10020146501846E-06 -.14638353350605E+00
 419 0.28000417135924E+02 0.65697109669692E-07 -.14285501464434E+00
 420 0.28692027439181E+02 0.42629623471068E-07 -.13941154937478E+00
 421 0.29400720516929E+02 0.27368835027298E-07 -.13605108751320E+00
 422 0.30126918313697E+02 0.17380546720252E-07 -.13277162829433E+00
 423 0.30871053196045E+02 0.10914626396080E-07 -.12957121918057E+00
 424 0.31633568209988E+02 0.67758220127963E-08 -.12644795469950E+00
 425 0.32414917344774E+02 0.00000000000000E+00 -.12339997530935E+00
 426 0.33215565803190E+02 0.00000000000000E+00 -.12042546629194E+00
 427 0.34035990278529E+02 0.00000000000000E+00 -.11752265667214E+00
 428 0.34876679238409E+02 0.00000000000000E+00 -.11468981816350E+00
 429 0.35738133215598E+02 0.00000000000000E+00 -.11192526413926E+00
 430 0.36620865106023E+02 0.00000000000000E+00 -.10922734862815E+00
 431 0.37525400474142E+02 0.00000000000000E+00 -.10659446533439E+00
 432 0.38452277865853E+02 0.00000000000000E+00 -.10402504668136E+00
 433 0.39402049129139E+02 0.00000000000000E+00 -.10151756287827E+00
 434 0.40375279742629E+02 0.00000000000000E+00 -.99070521009336E-01
 435 0.41372549152272E+02 0.00000000000000E+00 -.96682464144955E-01
 436 0.42394451116333E+02 0.00000000000000E+00 -.94351970474242E-01
 437 0.43441594058907E+02 0.00000000000000E+00 -.92077652458516E-01
 438 0.44514601432162E+02 0.00000000000000E+00 -.89858156005188E-01
 439 0.45614112087536E+02 0.00000000000000E+00 -.87692159661548E-01
 440 0.46740780656098E+02 0.00000000000000E+00 -.85578373827996E-01
 441 0.47895277938304E+02 0.00000000000000E+00 -.83515539990238E-01
 442 0.49078291303380E+02 0.00000000000000E+00 -.81502429969979E-01
 443 0.50290525098573E+02 0.00000000000000E+00 -.79537845193695E-01
 444 0.51532701068508E+02 0.00000000000000E+00 -.77620615979013E-01
 445 0.52805558784900E+02 0.00000000000000E+00 -.75749600838307E-01
 446 0.54109856086887E+02 0.00000000000000E+00 -.73923685799070E-01
 447 0.55446369532233E+02 0.00000000000000E+00 -.72141783740675E-01
 448 0.56815894859680E+02 0.00000000000000E+00 -.70402833747121E-01
 449 0.58219247462714E+02 0.00000000000000E+00 -.68705800475379E-01
 450 0.59657262875043E+02 0.00000000000000E+00 -.67049673538967E-01
 451 0.61130797268056E+02 0.00000000000000E+00 -.65433466906379E-01
 452 0.62640727960577E+02 0.00000000000000E+00 -.63856218314023E-01
 453 0.64187953941203E+02 0.00000000000000E+00 -.62316988693299E-01
 454 0.65773396403551E+02 0.00000000000000E+00 -.60814861611495E-01
 455 0.67397999294719E+02 0.00000000000000E+00 -.59348942726159E-01
 456 0.69062729877298E+02 0.00000000000000E+00 -.57918359252619E-01
 457 0.70768579305268E+02 0.00000000000000E+00 -.56522259444344E-01
 458 0.72516563214108E+02 0.00000000000000E+00 -.55159812085824E-01
 459 0.74307722325496E+02 0.00000000000000E+00 -.53830205997681E-01
 460 0.76143123066936E+02 0.00000000000000E+00 -.52532649553705E-01
 461 0.78023858206689E+02 0.00000000000000E+00 -.51266370209529E-01
461  0.10247000000000E+01
   1 0.10416666666667E-02 0.14001775230398E-08 -.70542614203137E+01
   2 0.10673958333333E-02 0.15065144799995E-08 -.70542725106647E+01
   3 0.10937605104167E-02 0.16209272332274E-08 -.70542841311394E+01
   4 0.11207763950240E-02 0.17440291018107E-08 -.70542963087977E+01
   5 0.11484595719810E-02 0.18764800764957E-08 -.70543090720351E+01
   6 0.11768265234090E-02 0.20189900795831E-08 -.70543224506500E+01
   7 0.12058941385372E-02 0.21723230478409E-08 -.70543364759129E+01
   8 0.12356797237591E-02 0.23373009342324E-08 -.70543511806408E+01
   9 0.12662010129359E-02 0.25148081152603E-08 -.70543665992736E+01
  10 0.12974761779554E-02 0.27057961315468E-08 -.70543827679557E+01
  11 0.13295238395509E-02 0.29112887886105E-08 -.70543997246204E+01
  12 0.13623630783878E-02 0.31323876450233E-08 -.70544175090795E+01
  13 0.13960134464240E-02 0.33702779173643E-08 -.70544361631163E+01
  14 0.14304949785507E-02 0.36262348336232E-08 -.70544557305844E+01
  15 0.14658282045209E-02 0.39016304691097E-08 -.70544762575098E+01
  16 0.15020341611725E-02 0.41979411015151E-08 -.70544977921994E+01
  17 0.15391344049535E-02 0.45167551245484E-08 -.70545203853543E+01
  18 0.15771510247559E-02 0.48597815625719E-08 -.70545440901882E+01
  19 0.16161066550673E-02 0.52288592318745E-08 -.70545689625527E+01
  20 0.16560244894475E-02 0.56259665976935E-08 -.70545950610672E+01
  21 0.16969282943368E-02 0.60532323798215E-08 -.70546224472569E+01
  22 0.17388424232070E-02 0.65129469636487E-08 -.70546511856959E+01
  23 0.17817918310602E-02 0.70075746778088E-08 -.70546813441583E+01
  24 0.18258020892874E-02 0.75397670042405E-08 -.70547129937768E+01
  25 0.18708994008928E-02 0.81123767914766E-08 -.70547462092076E+01
  26 0.19171106160948E-02 0.87284735473474E-08 -.70547810688055E+01
  27 0.19644632483123E-02 0.93913598930746E-08 -.70548176548052E+01
  28 0.20129854905457E-02 0.10104589266953E-07 -.70548560535131E+01
  29 0.20627062321621E-02 0.10871984972520E-07 -.70548963555078E+01
  30 0.21136550760965E-02 0.11697660673314E-07 -.70549386558496E+01
  31 0.21658623564761E-02 0.12586042444080E-07 -.70549830543016E+01
  32 0.22193591566811E-02 0.13541892496631E-07 -.70550296555597E+01
  33 0.22741773278511E-02 0.14570334707526E-07 -.70550785694951E+01
  34 0.23303495078490E-02 0.15676882084413E-07 -.70551299114075E+01
  35 0.23879091406929E-02 0.16867466318261E-07 -.70551838022908E+01
  36 0.24468904964680E-02 0.18148469579880E-07 -.70552403691113E+01
  37 0.25073286917308E-02 0.19526758731174E-07 -.70552997450992E+01
  38 0.25692597104165E-02 0.21009722134496E-07 -.70553620700542E+01
  39 0.26327204252638E-02 0.22605309257417E-07 -.70554274906648E+01
  40 0.26977486197678E-02 0.24322073285189E-07 -.70554961608436E+01
  41 0.27643830106761E-02 0.26169216969317E-07 -.70555682420775E+01
  42 0.28326632710398E-02 0.28156641957986E-07 -.70556439037950E+01
  43 0.29026300538345E-02 0.30295001872754E-07 -.70557233237505E+01
  44 0.29743250161642E-02 0.32595759416018E-07 -.70558066884257E+01
  45 0.30477908440635E-02 0.35071247815331E-07 -.70558941934510E+01
  46 0.31230712779118E-02 0.37734736933927E-07 -.70559860440452E+01
  47 0.32002111384762E-02 0.40600504401787E-07 -.70560824554759E+01
  48 0.32792563535966E-02 0.43683912148517E-07 -.70561836535409E+01
  49 0.33602539855304E-02 0.47001488748234E-07 -.70562898750712E+01
  50 0.34432522589730E-02 0.50571018017821E-07 -.70564013684577E+01
  51 0.35283005897697E-02 0.54411634343418E-07 -.70565183942001E+01
  52 0.36154496143370E-02 0.58543925246081E-07 -.70566412254820E+01
  53 0.37047512198111E-02 0.62990041736325E-07 -.70567701487704E+01
  54 0.37962585749404E-02 0.67773817049027E-07 -.70569054644423E+01
  55 0.38900261617415E-02 0.72920894395049E-07 -.70570474874386E+01
  56 0.39861098079365E-02 0.78458864414298E-07 -.70571965479461E+01
  57 0.40845667201925E-02 0.84417413066891E-07 -.70573529921102E+01
  58 0.41854555181813E-02 0.90828480755051E-07 -.70575171827762E+01
  59 0.42888362694803E-02 0.97726433528539E-07 -.70576895002640E+01
  60 0.43947705253365E-02 0.10514824729117E-06 -.70578703431741E+01
  61 0.45033213573123E-02 0.11313370599565E-06 -.70580601292273E+01
  62 0.46145533948379E-02 0.12172561488887E-06 -.70582592961396E+01
  63 0.47285328636904E-02 0.13097002995055E-06 -.70584683025316E+01
  64 0.48453276254236E-02 0.14091650475469E-06 -.70586876288752E+01
  65 0.49650072177716E-02 0.15161835607696E-06 -.70589177784772E+01
  66 0.50876428960505E-02 0.16313294967122E-06 -.70591592785016E+01
  67 0.52133076755830E-02 0.17552200774670E-06 -.70594126810303E+01
  68 0.53420763751699E-02 0.18885193979356E-06 -.70596785641651E+01
  69 0.54740256616366E-02 0.20319419852956E-06 -.70599575331683E+01
  70 0.56092340954790E-02 0.21862566287535E-06 -.70602502216465E+01
  71 0.57477821776373E-02 0.23522905001033E-06 -.70605572927748E+01
  72 0.58897523974249E-02 0.25309335871728E-06 -.70608794405638E+01
  73 0.60352292816413E-02 0.27231434639116E-06 -.70612173911686E+01
  74 0.61842994448979E-02 0.29299504226814E-06 -.70615719042403E+01
  75 0.63370516411869E-02 0.31524629962452E-06 -.70619437743204E+01
  76 0.64935768167242E-02 0.33918738990450E-06 -.70623338322760E+01
  77 0.66539681640973E-02 0.36494664195974E-06 -.70627429467781E+01
  78 0.68183211777505E-02 0.39266212982571E-06 -.70631720258190E+01
  79 0.69867337108409E-02 0.42248241271952E-06 -.70636220182700E+01
  80 0.71593060334987E-02 0.45456733122368E-06 -.70640939154775E+01
  81 0.73361408925261E-02 0.48908886392111E-06 -.70645887528937E+01
  82 0.75173435725715E-02 0.52623204907046E-06 -.70651076117434E+01
  83 0.77030219588140E-02 0.56619597625884E-06 -.70656516207193E+01
  84 0.78932866011967E-02 0.60919485334418E-06 -.70662219577076E+01
  85 0.80882507802463E-02 0.65545915440203E-06 -.70668198515348E+01
  86 0.82880305745183E-02 0.70523685482556E-06 -.70674465837361E+01
  87 0.84927449297089E-02 0.75879476019408E-06 -.70681034903358E+01
  88 0.87025157294728E-02 0.81641993602716E-06 -.70687919636369E+01
  89 0.89174678679907E-02 0.87842124608155E-06 -.70695134540105E+01
  90 0.91377293243301E-02 0.94513100742895E-06 -.70702694716788E+01
  91 0.93634312386411E-02 0.10169067711777E-05 -.70710615884813E+01
  92 0.95947079902355E-02 0.10941332383737E-05 -.70718914396153E+01
  93 0.98316972775943E-02 0.11772243213395E-05 -.70727607253388E+01
  94 0.10074540200351E-01 0.12666253614876E-05 -.70736712126218E+01
  95 0.10323381343300E-01 0.13628155154831E-05 -.70746247367348E+01
  96 0.10578368862479E-01 0.14663103225289E-05 -.70756232027548E+01
  97 0.10839654573382E-01 0.15776644665170E-05 -.70766685869749E+01
  98 0.11107394041345E-01 0.16974747478314E-05 -.70777629381949E+01
  99 0.11381746674166E-01 0.18263832807090E-05 -.70789083788745E+01
 100 0.11662875817018E-01 0.19650809332697E-05 -.70801071061228E+01
 101 0.11950948849698E-01 0.21143110286269E-05 -.70813613925004E+01
 102 0.12246137286286E-01 0.22748733268826E-05 -.70826735866043E+01
 103 0.12548616877257E-01 0.24476283093129E-05 -.70840461134064E+01
 104 0.12858567714125E-01 0.26335017876663E-05 -.70854814743106E+01
 105 0.13176174336664E-01 0.28334898632318E-05 -.70869822468932E+01
 106 0.13501625842780E-01 0.30486642622034E-05 -.70885510842866E+01
 107 0.13835116001096E-01 0.32801780758776E-05 -.70901907141647E+01
 108 0.14176843366324E-01 0.35292719363818E-05 -.70919039372835E+01
 109 0.14527011397472E-01 0.37972806609567E-05 -.70936936255283E+01
 110 0.14885828578989E-01 0.40856404003175E-05 -.70955627194159E+01
 111 0.15253508544890E-01 0.43958963293072E-05 -.70975142249951E+01
 112 0.15630270205949E-01 0.47297109209514E-05 -.70995512100862E+01
 113 0.16016337880036E-01 0.50888728481336E-05 -.71016767997989E+01
 114 0.16411941425673E-01 0.54753065604570E-05 -.71038941712596E+01
 115 0.16817316378887E-01 0.58910825874618E-05 -.71062065474823E+01
 116 0.17232704093446E-01 0.63384286232329E-05 -.71086171903081E+01
 117 0.17658351884554E-01 0.68197414516028E-05 -.71111293923412E+01
 118 0.18094513176102E-01 0.73375997756274E-05 -.71137464678013E+01
 119 0.18541447651552E-01 0.78947780198299E-05 -.71164717422165E+01
 120 0.18999421408545E-01 0.84942611788873E-05 -.71193085408728E+01
 121 0.19468707117336E-01 0.91392607920005E-05 -.71222601759420E+01
 122 0.19949584183135E-01 0.98332321281791E-05 -.71253299322045E+01
 123 0.20442338912458E-01 0.10579892674110E-04 -.71285210512890E+01
 124 0.20947264683596E-01 0.11383242023205E-04 -.71318367143493E+01
 125 0.21464662121280E-01 0.12247583271860E-04 -.71352800231049E+01
 126 0.21994839275676E-01 0.13177546036978E-04 -.71388539791760E+01
 127 0.22538111805785E-01 0.14178111217392E-04 -.71425614616486E+01
 128 0.23094803167388E-01 0.15254637631102E-04 -.71464052028172E+01
 129 0.23665244805623E-01 0.16412890670163E-04 -.71503877620584E+01
 130 0.24249776352322E-01 0.17659073125773E-04 -.71545114978062E+01
 131 0.24848745828224E-01 0.18999858347593E-04 -.71587785376110E+01
 132 0.25462509850181E-01 0.20442425913704E-04 -.71631907462851E+01
 133 0.26091433843480E-01 0.21994500000858E-04 -.71677496921553E+01
 134 0.26735892259414E-01 0.23664390658999E-04 -.71724566114686E+01
 135 0.27396268798222E-01 0.25461038209325E-04 -.71773123710238E+01
 136 0.28072956637538E-01 0.27394061001700E-04 -.71823174291299E+01
 137 0.28766358666485E-01 0.29473806784913E-04 -.71874717950262E+01
 138 0.29476887725547E-01 0.31711407962325E-04 -.71927749869352E+01
 139 0.30204966852368E-01 0.34118841025934E-04 -.71982259889595E+01
 140 0.30951029533622E-01 0.36708990483842E-04 -.72038232070726E+01
 141 0.31715519963102E-01 0.39495717619749E-04 -.72095644245028E+01
 142 0.32498893306191E-01 0.42493934448455E-04 -.72154467568533E+01
 143 0.33301615970854E-01 0.45719683258632E-04 -.72214666073503E+01
 144 0.34124165885334E-01 0.49190222163388E-04 -.72276196226637E+01
 145 0.34967032782702E-01 0.52924117110592E-04 -.72339006497898E+01
 146 0.35830718492435E-01 0.56941340838707E-04 -.72403036945418E+01
 147 0.36715737239198E-01 0.61263379300130E-04 -.72468218822353E+01
 148 0.37622615949006E-01 0.65913346112984E-04 -.72534474212060E+01
 149 0.38551894562946E-01 0.70916105644084E-04 -.72601715698360E+01
 150 0.39504126358651E-01 0.76298405370706E-04 -.72669846078016E+01
 151 0.40479878279710E-01 0.82089018216911E-04 -.72738758122833E+01
 152 0.41479731273219E-01 0.88318895611887E-04 -.72808334399020E+01
 153 0.42504280635667E-01 0.95021332073228E-04 -.72878447151514E+01
 154 0.43554136367368E-01 0.10223214217758E-03 -.72948958260995E+01
 155 0.44629923535642E-01 0.10998985084487E-03 -.73019719281156E+01
 156 0.45732282646972E-01 0.11833589793098E-03 -.73090571563499E+01
 157 0.46861870028353E-01 0.12731485819678E-03 -.73161346476497E+01
 158 0.48019358218053E-01 0.13697467780069E-03 -.73231865725316E+01
 159 0.49205436366039E-01 0.14736692854581E-03 -.73301941777538E+01
 160 0.50420810644280E-01 0.15854708120353E-03 -.73371378399311E+01
 161 0.51666204667194E-01 0.17057479933216E-03 -.73439971305221E+01
 162 0.52942359922473E-01 0.18351425511323E-03 -.73507508923848E+01
 163 0.54250036212558E-01 0.19743446883909E-03 -.73573773279459E+01
 164 0.55590012107009E-01 0.21240967380489E-03 -.73638540988641E+01
 165 0.56963085406052E-01 0.22851970848506E-03 -.73701584368886E+01
 166 0.58370073615581E-01 0.24585043801152E-03 -.73762672654229E+01
 167 0.59811814433886E-01 0.26449420711624E-03 -.73821573311061E+01
 168 0.61289166250403E-01 0.28455032685753E-03 -.73878053445168E+01
 169 0.62803008656788E-01 0.30612559761618E-03 -.73931881289022E+01
 170 0.64354242970611E-01 0.32933487102603E-03 -.73982827756263E+01
 171 0.65943792771985E-01 0.35430165369479E-03 -.74030668048380E+01
 172 0.67572604453453E-01 0.38115875577418E-03 -.74075183296671E+01
 173 0.69241647783453E-01 0.41004898765642E-03 -.74116162220883E+01
 174 0.70951916483704E-01 0.44112590830618E-03 -.74153402784365E+01
 175 0.72704428820852E-01 0.47455462898481E-03 -.74186713824276E+01
 176 0.74500228212727E-01 0.51051267638786E-03 -.74215916634363E+01
 177 0.76340383849581E-01 0.54919091949825E-03 -.74240846477110E+01
 178 0.78225991330666E-01 0.59079456475731E-03 -.74261354001669E+01
 179 0.80158173316533E-01 0.63554422447492E-03 -.74277306544027E+01
 180 0.82138080197452E-01 0.68367706373951E-03 -.74288589286244E+01
 181 0.84166890778329E-01 0.73544803144921E-03 -.74295106252452E+01
 182 0.86245812980554E-01 0.79113118146897E-03 -.74296781120591E+01
 183 0.88376084561173E-01 0.85102109032522E-03 -.74293557830584E+01
 184 0.90558973849834E-01 0.91543437828065E-03 -.74285400971863E+01
 185 0.92795780503925E-01 0.98471134108935E-03 -.74272295935788E+01
 186 0.95087836282372E-01 0.10592177002157E-02 -.74254248821590E+01
 187 0.97436505838547E-01 0.11393464798129E-02 -.74231286087957E+01
 188 0.99843187532759E-01 0.12255200192955E-02 -.74203453946239E+01
 189 0.10230931426482E+00 0.13181921309132E-02 -.74170817495426E+01
 190 0.10483635432716E+00 0.14178504123305E-02 -.74133459603487E+01
 191 0.10742581227904E+00 0.15250187248508E-02 -.74091479544234E+01
 192 0.11007922984233E+00 0.16402598485850E-02 -.74044991403584E+01
 193 0.11279818681944E+00 0.17641783265623E-02 -.73994122273693E+01
 194 0.11558430203388E+00 0.18974235105081E-02 -.73939010257958E+01
 195 0.11843923429411E+00 0.20406928217716E-02 -.73879802314100E+01
 196 0.12136468338118E+00 0.21947352416831E-02 -.73816651966348E+01
 197 0.12436239106069E+00 0.23603550464391E-02 -.73749716921091E+01
 198 0.12743414211989E+00 0.25384158024691E-02 -.73679156623013E+01
 199 0.13058176543025E+00 0.27298446391196E-02 -.73605129790731E+01
 200 0.13380713503638E+00 0.29356368163968E-02 -.73527791972092E+01
 201 0.13711217127178E+00 0.31568606064413E-02 -.73447293159639E+01
 202 0.14049884190219E+00 0.33946625083574E-02 -.73363775506238E+01
 203 0.14396916329718E+00 0.36502728169826E-02 -.73277371179460E+01
 204 0.14752520163062E+00 0.39250115671586E-02 -.73188200391173E+01
 205 0.15116907411089E+00 0.42202948760370E-02 -.73096369635902E+01
 206 0.15490295024143E+00 0.45376417069241E-02 -.73001970167996E+01
 207 0.15872905311240E+00 0.48786810791191E-02 -.72905076743617E+01
 208 0.16264966072427E+00 0.52451597491266E-02 -.72805746649171E+01
 209 0.16666710734416E+00 0.56389503895066E-02 -.72704019033120E+01
 210 0.17078378489556E+00 0.60620602924518E-02 -.72599914553325E+01
 211 0.17500214438248E+00 0.65166406259319E-02 -.72493435347230E+01
 212 0.17932469734873E+00 0.70049962709030E-02 -.72384565327375E+01
 213 0.18375401737324E+00 0.75295962686115E-02 -.72273270800031E+01
 214 0.18829274160236E+00 0.80930849074131E-02 -.72159501400095E+01
 215 0.19294357231994E+00 0.86982934787372E-02 -.72043191330852E+01
 216 0.19770927855624E+00 0.93482527318238E-02 -.71924260892643E+01
 217 0.20259269773658E+00 0.10046206056609E-01 -.71802618279904E+01
 218 0.20759673737068E+00 0.10795623423583E-01 -.71678161621261E+01
 219 0.21272437678373E+00 0.11600216108556E-01 -.71550781232365E+01
 220 0.21797866889029E+00 0.12463952228972E-01 -.71420362045812E+01
 221 0.22336274201188E+00 0.13391073116673E-01 -.71286786176691E+01
 222 0.22887980173958E+00 0.14386110549736E-01 -.71149935576192E+01
 223 0.23453313284254E+00 0.15453904863169E-01 -.71009694719059E+01
 224 0.24032610122375E+00 0.16599623954697E-01 -.70865953263830E+01
 225 0.24626215592398E+00 0.17828783197630E-01 -.70718608617751E+01
 226 0.25234483117530E+00 0.19147266267680E-01 -.70567568331259E+01
 227 0.25857774850533E+00 0.20561346884575E-01 -.70412752240241E+01
 228 0.26496461889341E+00 0.22077711462278E-01 -.70254094268114E+01
 229 0.27150924498008E+00 0.23703482653486E-01 -.70091543794388E+01
 230 0.27821552333109E+00 0.25446243764707E-01 -.69925066491871E+01
 231 0.28508744675737E+00 0.27314064007639E-01 -.69754644531056E+01
 232 0.29212910669227E+00 0.29315524540510E-01 -.69580276047265E+01
 233 0.29934469562757E+00 0.31459745239678E-01 -.69401973763390E+01
 234 0.30673850960957E+00 0.33756412126828E-01 -.69219762657887E+01
 235 0.31431495079693E+00 0.36215805360711E-01 -.69033676563107E+01
 236 0.32207853008161E+00 0.38848827684446E-01 -.68843753572200E+01
 237 0.33003386977463E+00 0.41667033200044E-01 -.68650030122838E+01
 238 0.33818570635806E+00 0.44682656321145E-01 -.68452533612484E+01
 239 0.34653889330511E+00 0.47908640733099E-01 -.68251273383570E+01
 240 0.35509840396974E+00 0.51358668166844E-01 -.68046229899643E+01
 241 0.36386933454780E+00 0.55047186769813E-01 -.67837341919843E+01
 242 0.37285690711113E+00 0.58989438833962E-01 -.67624491475956E+01
 243 0.38206647271677E+00 0.63201487618500E-01 -.67407486474911E+01
 244 0.39150351459288E+00 0.67700242984013E-01 -.67186040804537E+01
 245 0.40117365140332E+00 0.72503485536360E-01 -.66959751930480E+01
 246 0.41108264059298E+00 0.77629888964372E-01 -.66728076158438E+01
 247 0.42123638181563E+00 0.83099040246608E-01 -.66490302019097E+01
 248 0.43164092044648E+00 0.88931457401069E-01 -.66245522628658E+01
 249 0.44230245118150E+00 0.95148604460223E-01 -.65992608387999E+01
 250 0.45322732172569E+00 0.10177290337446E+00 -.65730181987191E+01
 251 0.46442203657231E+00 0.10882774258329E+00 -.65456598324145E+01
 252 0.47589326087565E+00 0.11633748204874E+00 -.65169932527049E+01
 253 0.48764782441928E+00 0.12432745462290E+00 -.64867979644249E+01
 254 0.49969272568243E+00 0.13282396372639E+00 -.64548269550620E+01
 255 0.51203513600679E+00 0.14185427745018E+00 -.64208100029620E+01
 256 0.52468240386616E+00 0.15144661936497E+00 -.63844589686627E+01
 257 0.53764205924165E+00 0.16163015653504E+00 -.63454750310648E+01
 258 0.55092181810492E+00 0.17243498549081E+00 -.63035575691726E+01
 259 0.56452958701211E+00 0.18389211722112E+00 -.62584141103490E+01
 260 0.57847346781131E+00 0.19603346260546E+00 -.62097705246449E+01
 261 0.59276176246625E+00 0.20889182011945E+00 -.61573805064357E+01
 262 0.60740297799916E+00 0.22250086811396E+00 -.61010334028461E+01
 263 0.62240583155574E+00 0.23689516448729E+00 -.60405596455559E+01
 264 0.63777925559517E+00 0.25211015713285E+00 -.59758333960396E+01
 265 0.65353240320837E+00 0.26818220914395E+00 -.59067724572135E+01
 266 0.66967465356762E+00 0.28514864337346E+00 -.58333359421394E+01
 267 0.68621561751074E+00 0.30304781155980E+00 -.57555205279982E+01
 268 0.70316514326325E+00 0.32191919380894E+00 -.56733562941502E+01
 269 0.72053332230186E+00 0.34180353472772E+00 -.55869031254738E+01
 270 0.73833049536271E+00 0.36274302288607E+00 -.54962484817044E+01
 271 0.75656725859817E+00 0.38478152048580E+00 -.54015070480945E+01
 272 0.77525446988555E+00 0.40796485005929E+00 -.53028224612779E+01
 273 0.79440325529172E+00 0.43234114463030E+00 -.52003710062649E+01
 274 0.81402501569742E+00 0.45796126694843E+00 -.50943669437523E+01
 275 0.83413143358515E+00 0.48487930205637E+00 -.49850689642341E+01
 276 0.85473447999470E+00 0.51315312545963E+00 -.48727871691775E+01
 277 0.87584642165057E+00 0.54284504643668E+00 -.47578899298816E+01
 278 0.89747982826534E+00 0.57402252245994E+00 -.46408099477012E+01
 279 0.91964758002349E+00 0.60675893622656E+00 -.45220488139442E+01
 280 0.94236287525008E+00 0.64113442139918E+00 -.44021793300421E+01
 281 0.96563923826875E+00 0.67723671688425E+00 -.42818447946961E+01
 282 0.98949052745399E+00 0.71516202249993E+00 -.41617544024312E+01
 283 0.10139309434821E+01 0.75501582155296E+00 -.40426738472448E+01
 284 0.10389750377861E+01 0.79691362875530E+00 -.39254102165207E+01
 285 0.10646377212194E+01 0.84098161601809E+00 -.38107903319901E+01
 286 0.10909342729335E+01 0.88735706539065E+00 -.36996318857521E+01
 287 0.11178803494750E+01 0.93618859979621E+00 -.35927070659472E+01
 288 0.11454919941070E+01 0.98763615100482E+00 -.34906988998567E+01
 289 0.11737856463615E+01 0.10418706439888E+01 -.33941512976994E+01
 290 0.12027781518266E+01 0.10990734115544E+01 -.33034148200243E+01
 291 0.12324867721767E+01 0.11594354071544E+01 -.32185916356684E+01
 292 0.12629291954495E+01 0.12231563601439E+01 -.31394852005559E+01
 293 0.12941235465771E+01 0.12904441159180E+01 -.30655632096207E+01
 294 0.13260883981776E+01 0.13615145147265E+01 -.29959468370690E+01
 295 0.13588427816125E+01 0.14365922628967E+01 -.29294458169772E+01
 296 0.13924061983184E+01 0.15159132851951E+01 -.28646683177070E+01
 297 0.14267986314168E+01 0.15997289135863E+01 -.28002477980006E+01
 298 0.14620405576128E+01 0.16883117786409E+01 -.27352472870716E+01
 299 0.14981529593859E+01 0.17819621013762E+01 -.26698262945556E+01
 300 0.15351573374827E+01 0.18810112703902E+01 -.26055002085338E+01
 301 0.15730757237185E+01 0.00000000000000E+00 -.25427178019488E+01
 302 0.16119306940944E+01 0.00000000000000E+00 -.24814435482383E+01
 303 0.16517453822385E+01 0.00000000000000E+00 -.24216421949197E+01
 304 0.16925434931798E+01 0.00000000000000E+00 -.23632791362199E+01
 305 0.17343493174613E+01 0.00000000000000E+00 -.23063204266575E+01
 306 0.17771877456026E+01 0.00000000000000E+00 -.22507327926193E+01
 307 0.18210842829190E+01 0.00000000000000E+00 -.21964836410914E+01
 308 0.18660650647071E+01 0.00000000000000E+00 -.21435410652286E+01
 309 0.19121568718054E+01 0.00000000000000E+00 -.20918738467665E+01
 310 0.19593871465390E+01 0.00000000000000E+00 -.20414514554827E+01
 311 0.20077840090585E+01 0.00000000000000E+00 -.19922440460132E+01
 312 0.20573762740822E+01 0.00000000000000E+00 -.19442224523801E+01
 313 0.21081934680520E+01 0.00000000000000E+00 -.18973581805913E+01
 314 0.21602658467129E+01 0.00000000000000E+00 -.18516233996613E+01
 315 0.22136244131267E+01 0.00000000000000E+00 -.18069909313694E+01
 316 0.22683009361310E+01 0.00000000000000E+00 -.17634342390397E+01
 317 0.23243279692534E+01 0.00000000000000E+00 -.17209274155882E+01
 318 0.23817388700940E+01 0.00000000000000E+00 -.16794451710475E+01
 319 0.24405678201853E+01 0.00000000000000E+00 -.16389628197426E+01
 320 0.25008498453439E+01 0.00000000000000E+00 -.15994562672641E+01
 321 0.25626208365239E+01 0.00000000000000E+00 -.15609019973545E+01
 322 0.26259175711860E+01 0.00000000000000E+00 -.15232770588019E+01
 323 0.26907777351943E+01 0.00000000000000E+00 -.14865590524144E+01
 324 0.27572399452536E+01 0.00000000000000E+00 -.14507261181318E+01
 325 0.28253437719014E+01 0.00000000000000E+00 -.14157569223181E+01
 326 0.28951297630673E+01 0.00000000000000E+00 -.13816306452654E+01
 327 0.29666394682151E+01 0.00000000000000E+00 -.13483269689325E+01
 328 0.30399154630800E+01 0.00000000000000E+00 -.13158260649326E+01
 329 0.31150013750181E+01 0.00000000000000E+00 -.12841085827791E+01
 330 0.31919419089810E+01 0.00000000000000E+00 -.12531556383948E+01
 331 0.32707828741328E+01 0.00000000000000E+00 -.12229488028846E+01
 332 0.33515712111239E+01 0.00000000000000E+00 -.11934700915720E+01
 333 0.34343550200387E+01 0.00000000000000E+00 -.11647019532943E+01
 334 0.35191835890336E+01 0.00000000000000E+00 -.11366272599549E+01
 335 0.36061074236828E+01 0.00000000000000E+00 -.11092292963251E+01
 336 0.36951782770477E+01 0.00000000000000E+00 -.10824917500920E+01
 337 0.37864491804908E+01 0.00000000000000E+00 -.10563987021459E+01
 338 0.38799744752489E+01 0.00000000000000E+00 -.10309346171019E+01
 339 0.39758098447876E+01 0.00000000000000E+00 -.10060843340501E+01
 340 0.40740123479538E+01 0.00000000000000E+00 -.98183305752874E+00
 341 0.41746404529483E+01 0.00000000000000E+00 -.95816634871529E+00
 342 0.42777540721361E+01 0.00000000000000E+00 -.93507011682951E+00
 343 0.43834145977179E+01 0.00000000000000E+00 -.91253061074410E+00
 344 0.44916849382815E+01 0.00000000000000E+00 -.89053441079738E+00
 345 0.46026295562571E+01 0.00000000000000E+00 -.86906842080353E+00
 346 0.47163145062966E+01 0.00000000000000E+00 -.84811986025522E+00
 347 0.48328074746021E+01 0.00000000000000E+00 -.82767625671437E+00
 348 0.49521778192248E+01 0.00000000000000E+00 -.80772543838623E+00
 349 0.50744966113597E+01 0.00000000000000E+00 -.78825552687248E+00
 350 0.51998366776603E+01 0.00000000000000E+00 -.76925493009904E+00
 351 0.53282726435985E+01 0.00000000000000E+00 -.75071233541431E+00
 352 0.54598809778953E+01 0.00000000000000E+00 -.73261670285382E+00
 353 0.55947400380494E+01 0.00000000000000E+00 -.71495725856722E+00
 354 0.57329301169892E+01 0.00000000000000E+00 -.69772348840365E+00
 355 0.58745334908788E+01 0.00000000000000E+00 -.68090513165186E+00
 356 0.60196344681035E+01 0.00000000000000E+00 -.66449217493106E+00
 357 0.61683194394657E+01 0.00000000000000E+00 -.64847484622921E+00
 358 0.63206769296205E+01 0.00000000000000E+00 -.63284360908482E+00
 359 0.64767976497821E+01 0.00000000000000E+00 -.61758915690916E+00
 360 0.66367745517317E+01 0.00000000000000E+00 -.60270240744527E+00
 361 0.68007028831595E+01 0.00000000000000E+00 -.58817449736047E+00
 362 0.69686802443735E+01 0.00000000000000E+00 -.57399677696933E+00
 363 0.71408066464096E+01 0.00000000000000E+00 -.56016080508376E+00
 364 0.73171845705759E+01 0.00000000000000E+00 -.54665834398727E+00
 365 0.74979190294691E+01 0.00000000000000E+00 -.53348135453037E+00
 366 0.76831176294970E+01 0.00000000000000E+00 -.52062199134417E+00
 367 0.78728906349456E+01 0.00000000000000E+00 -.50807259816939E+00
 368 0.80673510336287E+01 0.00000000000000E+00 -.49582570329793E+00
 369 0.82666146041593E+01 0.00000000000000E+00 -.48387401512436E+00
 370 0.84707999848821E+01 0.00000000000000E+00 -.47221041780458E+00
 371 0.86800287445087E+01 0.00000000000000E+00 -.46082796701921E+00
 372 0.88944254544980E+01 0.00000000000000E+00 -.44971988583898E+00
 373 0.91141177632241E+01 0.00000000000000E+00 -.43887956068994E+00
 374 0.93392364719758E+01 0.00000000000000E+00 -.42830053741577E+00
 375 0.95699156128336E+01 0.00000000000000E+00 -.41797651743512E+00
 376 0.98062925284705E+01 0.00000000000000E+00 -.40790135399153E+00
 377 0.10048507953924E+02 0.00000000000000E+00 -.39806904849373E+00
 378 0.10296706100386E+02 0.00000000000000E+00 -.38847374694421E+00
 379 0.10551034741065E+02 0.00000000000000E+00 -.37910973645380E+00
 380 0.10811645299170E+02 0.00000000000000E+00 -.36997144184034E+00
 381 0.11078692938059E+02 0.00000000000000E+00 -.36105342230930E+00
 382 0.11352336653629E+02 0.00000000000000E+00 -.35235036821440E+00
 383 0.11632739368974E+02 0.00000000000000E+00 -.34385709789636E+00
 384 0.11920068031387E+02 0.00000000000000E+00 -.33556855459779E+00
 385 0.12214493711763E+02 0.00000000000000E+00 -.32747980345252E+00
 386 0.12516191706443E+02 0.00000000000000E+00 -.31958602854739E+00
 387 0.12825341641592E+02 0.00000000000000E+00 -.31188253005504E+00
 388 0.13142127580140E+02 0.00000000000000E+00 -.30436472143558E+00
 389 0.13466738131369E+02 0.00000000000000E+00 -.29702812670594E+00
 390 0.13799366563214E+02 0.00000000000000E+00 -.28986837777490E+00
 391 0.14140210917325E+02 0.00000000000000E+00 -.28288121184239E+00
 392 0.14489474126983E+02 0.00000000000000E+00 -.27606246886151E+00
 393 0.14847364137920E+02 0.00000000000000E+00 -.26940808906169E+00
 394 0.15214094032126E+02 0.00000000000000E+00 -.26291411053156E+00
 395 0.15589882154720E+02 0.00000000000000E+00 -.25657666686011E+00
 396 0.15974952243941E+02 0.00000000000000E+00 -.25039198483470E+00
 397 0.16369533564367E+02 0.00000000000000E+00 -.24435638219449E+00
 398 0.16773861043407E+02 0.00000000000000E+00 -.23846626543817E+00
 399 0.17188175411179E+02 0.00000000000000E+00 -.23271812768436E+00
 400 0.17612723343835E+02 0.00000000000000E+00 -.22710854658375E+00
 401 0.18047757610428E+02 0.00000000000000E+00 -.22163418228140E+00
 402 0.18493537223405E+02 0.00000000000000E+00 -.21629177542832E+00
 403 0.18950327592823E+02 0.00000000000000E+00 -.21107814524087E+00
 404 0.19418400684366E+02 0.00000000000000E+00 -.20599018760697E+00
 405 0.19898035181270E+02 0.00000000000000E+00 -.20102487323800E+00
 406 0.20389516650247E+02 0.00000000000000E+00 -.19617924586513E+00
 407 0.20893137711508E+02 0.00000000000000E+00 -.19145042047929E+00
 408 0.21409198212983E+02 0.00000000000000E+00 -.18683558161344E+00
 409 0.21938005408843E+02 0.00000000000000E+00 -.18233198166628E+00
 410 0.22479874142442E+02 0.00000000000000E+00 -.17793693926640E+00
 411 0.23035127033760E+02 0.00000000000000E+00 -.17364783767581E+00
 412 0.23604094671494E+02 0.00000000000000E+00 -.16946212323198E+00
 413 0.24187115809880E+02 0.00000000000000E+00 -.16537730382744E+00
 414 0.24784537570384E+02 0.00000000000000E+00 -.16139094742602E+00
 415 0.25396715648372E+02 0.00000000000000E+00 -.15750068061483E+00
 416 0.26024014524887E+02 0.00000000000000E+00 -.15370418719121E+00
 417 0.26666807683652E+02 0.00000000000000E+00 -.14999920678365E+00
 418 0.27325477833438E+02 0.00000000000000E+00 -.14638353350605E+00
 419 0.28000417135924E+02 0.00000000000000E+00 -.14285501464434E+00
 420 0.28692027439181E+02 0.00000000000000E+00 -.13941154937478E+00
 421 0.29400720516929E+02 0.00000000000000E+00 -.13605108751320E+00
 422 0.30126918313697E+02 0.00000000000000E+00 -.13277162829433E+00
 423 0.30871053196045E+02 0.00000000000000E+00 -.12957121918057E+00
 424 0.31633568209988E+02 0.00000000000000E+00 -.12644795469950E+00
 425 0.32414917344774E+02 0.00000000000000E+00 -.12339997530935E+00
 426 0.33215565803190E+02 0.00000000000000E+00 -.12042546629194E+00
 427 0.34035990278529E+02 0.00000000000000E+00 -.11752265667214E+00
 428 0.34876679238409E+02 0.00000000000000E+00 -.11468981816350E+00
 429 0.35738133215598E+02 0.00000000000000E+00 -.11192526413926E+00
 430 0.36620865106023E+02 0.00000000000000E+00 -.10922734862815E+00
 431 0.37525400474142E+02 0.00000000000000E+00 -.10659446533439E+00
 432 0.38452277865853E+02 0.00000000000000E+00 -.10402504668136E+00
 433 0.39402049129139E+02 0.00000000000000E+00 -.10151756287827E+00
 434 0.40375279742629E+02 0.00000000000000E+00 -.99070521009336E-01
 435 0.41372549152272E+02 0.00000000000000E+00 -.96682464144955E-01
 436 0.42394451116333E+02 0.00000000000000E+00 -.94351970474242E-01
 437 0.43441594058907E+02 0.00000000000000E+00 -.92077652458516E-01
 438 0.44514601432162E+02 0.00000000000000E+00 -.89858156005188E-01
 439 0.45614112087536E+02 0.00000000000000E+00 -.87692159661548E-01
 440 0.46740780656098E+02 0.00000000000000E+00 -.85578373827996E-01
 441 0.47895277938304E+02 0.00000000000000E+00 -.83515539990238E-01
 442 0.49078291303380E+02 0.00000000000000E+00 -.81502429969979E-01
 443 0.50290525098573E+02 0.00000000000000E+00 -.79537845193695E-01
 444 0.51532701068508E+02 0.00000000000000E+00 -.77620615979013E-01
 445 0.52805558784900E+02 0.00000000000000E+00 -.75749600838307E-01
 446 0.54109856086887E+02 0.00000000000000E+00 -.73923685799070E-01
 447 0.55446369532233E+02 0.00000000000000E+00 -.72141783740675E-01
 448 0.56815894859680E+02 0.00000000000000E+00 -.70402833747121E-01
 449 0.58219247462714E+02 0.00000000000000E+00 -.68705800475379E-01
 450 0.59657262875043E+02 0.00000000000000E+00 -.67049673538967E-01
 451 0.61130797268056E+02 0.00000000000000E+00 -.65433466906379E-01
 452 0.62640727960577E+02 0.00000000000000E+00 -.63856218314023E-01
 453 0.64187953941203E+02 0.00000000000000E+00 -.62316988693299E-01
 454 0.65773396403551E+02 0.00000000000000E+00 -.60814861611495E-01
 455 0.67397999294719E+02 0.00000000000000E+00 -.59348942726159E-01
 456 0.69062729877298E+02 0.00000000000000E+00 -.57918359252619E-01
 457 0.70768579305268E+02 0.00000000000000E+00 -.56522259444344E-01
 458 0.72516563214108E+02 0.00000000000000E+00 -.55159812085824E-01
 459 0.74307722325496E+02 0.00000000000000E+00 -.53830205997681E-01
 460 0.76143123066936E+02 0.00000000000000E+00 -.52532649553705E-01
 461 0.78023858206689E+02 0.00000000000000E+00 -.51266370209529E-01
